11.6201
11.6201
11.6201
11.6201
11.0101
10.6737
10.6737
10.3002
11.4333
11.4333
11.4333
11.4333
12.1731
12.1731
12.1731
12.1731
12.1731
12.1731
12.1731
11.6011
11.6011
11.6011
11.6011
11.2385
12.0448
11.4553
11.1339
12.4705
12.5971
13.0641
13.0641
13.2847
13.2847
13.0317
12.9032
12.2745
12.2745
12.2745
12.0301
11.4055
11.4055
11.9058
11.9058
11.9058
11.9058
11.9058
11.9058
11.9058
11.9058
11.9058
11.6169
11.6169
11.6169
10.3012
10.3933
10.3933
10.3842
12.5061
12.5061
12.1870
12.1870
12.8600
12.8600
13.7195
13.4266
13.4266
13.4266
11.8233
12.7692
12.7692
11.7518
11.4595
10.8908
11.2161
11.4335
10.9661
10.9661
10.9661
10.9661
12.1427
11.8533
11.7487
11.7487
12.0803
13.2759
13.4556
13.3680
13.3680
13.3680
13.5351
13.5351
13.5351
13.5351
13.7398
13.5328
13.5328
14.4725
14.5869
14.4773
14.4773
14.4773
14.1352
13.1262
12.7449
11.4936
11.9874
11.7488
11.0114
10.6185
11.6914
11.6914
13.0060
12.6562
12.6562
12.6562
12.6562
12.6562
12.6562
12.6562
12.1249
12.4361
12.6766
13.1684
13.1684
11.4719
11.6420
11.6420
11.2578
11.2578
12.2841
11.7608
11.7608
12.7104
12.8764
13.0608
13.0608
13.0608
11.9603
11.5627
11.5627
11.5627
11.5627
11.5627
11.5627
11.6317
12.0398
12.3224
12.3224
12.3224
11.3292
11.3292
11.3292
11.3292
11.3025
12.0496
12.3179
12.4540
12.7539
12.7539
12.7539
12.7539
13.6116
13.3875
13.4311
13.4311
13.4311
13.5307
13.5307
13.8407
13.8407
14.7600
14.7576
13.9890
14.0961
13.8095
13.8095
13.9801
14.2938
14.3505
14.2271
14.0690
14.1541
13.0974
13.0974
13.0974
13.0974
13.0974
13.0974
13.4777
13.4777
13.4777
14.1438
14.1438
13.6729
13.6729
11.2814
11.9080
11.9080
11.9080
11.9080
12.0556
11.4831
11.4831
11.4831
11.4944
11.8329
11.8329
11.8329
11.5907
11.5907
11.5907
11.5907
11.9290
11.9290
12.3422
12.3422
11.7217
13.0565
12.9554
13.0228
13.0228
13.0228
13.0612
13.0612
13.0612
13.0612
12.9311
12.0705
12.0705
12.0705
12.5889
12.5889
12.5889
12.3167
13.5796
13.5796
13.5796
13.5796
13.5796
13.5796
13.3936
13.3936
13.4949
13.3718
13.3718
13.3718
13.3718
13.3718
13.5211
13.5211
12.5795
12.5795
12.5795
13.8650
13.8650
13.8650
12.9631
12.9631
13.1779
13.1779
13.1779
13.1779
12.7193
12.7193
12.7193
12.7193
12.7193
12.7193
13.6462
13.6462
13.6462
13.6462
13.6462
13.6462
12.6470
12.6470
12.6470
13.7857
13.9073
13.5068
10.9927
12.7191
12.7191
12.7191
12.7191
12.7191
12.7191
12.7191
12.7191
12.7191
12.7191
12.7191
12.7191
12.7191
12.7191
12.7191
11.1310
11.1310
11.1310
11.1310
11.1310
11.7476
11.7476
11.0514
10.0436
10.0436
12.9161
11.8422
9.4198
9.4198
9.4198
9.4198
8.3446
8.3446
8.3446
8.3446
8.3446
8.3446
8.3446
8.3446
8.2903
8.6575
8.6575
8.6575
8.6575
9.3431
10.9801
10.1085
11.6043
11.6478
10.8029
11.0274
10.8781
10.7647
9.9827
10.5226
9.2583
9.4186
9.8989
9.3384
10.1272
11.4109
11.9987
13.0039
13.0039
13.0039
13.8743
13.8434
13.8434
13.8434
13.5797
12.9383
12.9383
12.9383
12.9383
12.9383
12.6341
12.1522
11.3093
12.0861
12.0861
12.0861
12.3855
12.3855
12.3855
12.3855
12.8843
13.4337
13.5010
13.0140
12.9705
12.4453
13.2710
13.2710
13.2710
12.8778
12.8778
12.8778
12.8778
12.8778
13.2888
13.2888
13.2888
13.2888
13.2888
13.2888
13.2888
13.2888
13.2888
13.3232
12.9022
12.4903
12.4903
12.4903
12.4903
12.0051
12.0051
12.0051
12.3466
11.7314
12.1342
13.0268
12.5720
12.5720
12.2425
12.5795
12.5795
12.5795
11.7738
12.3216
11.2936
11.2936
11.7918
11.1231
11.1231
11.1231
11.1231
11.1231
12.1436
11.7257
11.7257
12.8350
12.8350
12.8475
12.8475
12.8475
12.8475
12.8475
13.9667
13.9667
13.9102
13.9102
13.9102
13.9102
13.9102
13.9102
14.0915
14.0915
14.0915
14.0915
14.0915
14.0915
13.9227
13.1783
14.3176
14.3176
14.2565
13.9467
13.5738
13.5738
13.3889
12.9026
13.2799
13.2799
13.2799
13.2799
13.2799
13.2799
12.5993
12.5993
12.3551
12.3551
12.3551
12.3551
12.3551
12.0653
11.4755
11.4755
12.8335
13.6885
13.8299
13.6602
13.6602
13.6602
13.6602
13.6602
13.6602
13.6602
13.6602
13.6602
13.6602
13.3325
12.9572
13.5364
13.5364
13.5364
13.0914
13.0914
13.7527
12.7674
13.2158
13.0044
12.1780
12.4772
12.4772
11.7789
10.8879
11.8097
11.8097
11.8097
11.2464
11.2464
13.3216
13.3216
13.3216
12.9972
13.1847
13.1847
13.6959
13.0640
13.0640
12.9687
13.2177
13.2177
12.6409
12.6409
12.1522
11.6137
10.9087
10.4723
8.8310
10.8294
11.5156
11.2329
11.2329
11.2329
10.3155
12.9432
12.9432
12.3898
12.1599
12.1599
11.8079
12.3130
11.9910
11.9910
11.9910
11.9910
12.8439
12.8439
12.9800
11.8111
11.8111
11.8111
11.8111
11.8111
11.8111
11.8111
11.8111
10.8532
10.8532
10.8532
10.8532
10.8532
11.1731
10.5452
9.8828
10.4589
10.4589
10.4589
10.7571
10.7571
10.7571
10.7571
10.7571
10.7571
10.7571
10.7571
9.9985
9.9985
10.0268
10.0268
10.5889
10.5889
10.5889
9.5281
9.6224
9.6224
8.6434
9.8371
9.8154
9.5683
9.5683
11.0183
11.0183
11.8104
11.9284
12.9038
12.9038
12.5372
12.8956
12.0263
12.0263
12.3567
12.3567
12.3282
11.2950
10.8928
10.8928
10.8928
10.8928
10.8928
10.8928
11.3794
11.3794
11.3794
11.3794
11.3794
11.3794
11.3794
11.3794
11.3881
11.3881
11.3881
11.3881
12.0158
12.7862
12.8844
12.1490
11.9382
11.9382
11.3323
11.3323
11.3323
11.3323
11.5660
11.5660
11.5660
12.3737
14.0955
13.8088
12.3290
11.6414
11.6414
11.6414
12.1189
12.8081
12.8081
12.8081
13.3158
13.6097
13.6256
13.6256
13.6868
13.6868
13.2193
13.3669
13.5838
13.5057
13.5057
12.8650
12.8650
12.8650
12.8650
12.0470
12.0470
13.3741
13.2644
13.0503
13.0503
13.0503
13.0503
13.7734
13.4226
12.9557
12.9829
12.7465
11.5755
11.5755
10.9478
11.4745
11.4745
11.3146
10.4404
10.1865
9.9265
10.8428
10.8428
11.8266
11.8266
11.8266
11.8266
11.5973
11.5973
11.5973
11.5973
11.5973
11.5973
11.5973
11.5973
11.5973
11.5973
11.5973
11.5973
11.5973
10.4429
10.4272
10.4272
10.0156
10.2264
9.7969
11.1200
11.8649
11.8649
11.8649
11.8649
11.8649
11.8649
11.8649
11.8649
11.8649
11.8649
11.8649
11.8649
11.8649
11.8649
11.8649
11.5138
11.5138
11.5138
10.9935
10.9935
10.9935
10.9935
10.9935
10.9935
10.9935
10.9935
10.9935
10.9935
10.3915
10.3915
10.3915
10.3915
10.7091
10.7091
10.7091
12.0896
12.0896
12.1984
12.1984
12.1984
12.1984
12.1984
12.1984
11.0221
11.0221
12.0492
11.1667
11.1667
11.1667
11.6194
11.6249
12.3208
12.3208
11.8168
11.8168
12.3237
12.4997
12.6452
12.6452
12.6079
12.6079
12.6179
12.6179
12.6179
12.8593
12.8593
12.4748
12.4748
13.1889
11.6670
10.8804
10.3790
11.3601
11.4021
11.4021
11.4021
11.4021
11.7712
11.7712
11.7712
12.4699
12.4699
12.4699
13.1488
13.0013
13.1246
13.1246
13.1246
13.1246
13.1246
13.1246
13.1246
13.1246
13.1246
13.1246
12.5094
12.0662
11.9987
11.9987
11.9987
10.6319
8.8472
8.8472
9.8682
10.2256
10.2256
10.2256
10.2256
10.5999
10.5999
10.5999
10.5999
10.5999
10.5999
10.5999
10.1889
9.5871
8.0456
8.0456
8.0456
8.0456
8.0456
8.0456
7.2591
7.5486
8.3504
8.3504
8.3504
8.3504
9.3816
9.3816
10.0181
9.1589
9.5903
9.5903
9.5903
9.5903
9.5903
9.8198
9.8198
9.6960
10.0275
9.6706
9.6706
9.0059
8.8463
8.8463
9.4764
9.4764
9.4764
9.4764
9.4764
9.4764
10.0458
10.3076
11.3992
13.1869
13.1869
13.1869
13.1869
13.1040
13.2504
13.2504
13.2504
13.2504
13.2504
12.7379
12.5644
12.5644
12.7326
12.5719
12.5719
12.5719
12.5719
12.8479
12.8479
12.8479
12.8479
12.8479
12.8479
13.1140
12.7500
12.7500
13.1679
13.1679
13.4096
13.4096
13.3965
13.3965
12.0844
12.8231
12.8231
12.8231
13.4217
13.4217
11.6692
13.5345
13.6670
13.2897
12.6883
12.7937
12.6359
12.6359
12.6359
12.6359
12.6359
12.6359
12.6359
12.0086
12.9951
12.9951
12.9951
12.9951
12.9951
13.9409
12.9960
12.3760
12.3782
13.6788
13.6788
13.6788
13.3830
13.3830
13.7244
13.7244
13.7244
13.1997
12.8989
13.0663
13.2838
13.5441
12.7201
12.3651
11.9394
11.1993
11.1993
11.1993
11.1993
11.1993
11.1993
11.1993
11.1993
11.1993
11.1993
11.1993
11.1993
11.0725
11.0725
11.0725
11.0208
11.8552
13.6259
13.6259
13.9160
13.9876
13.8149
14.1235
14.1235
14.2243
14.2243
14.2243
14.2243
14.2243
14.2241
13.5297
13.5297
13.5297
13.5297
13.0167
13.2564
12.9807
12.9807
13.0148
14.1309
14.1309
14.1309
14.1309
14.1309
14.1309
14.4577
14.4577
13.8826
13.8826
13.8826
13.8826
13.8826
13.8826
13.9820
13.9820
13.9820
13.9820
13.6439
13.3196
13.3196
12.8482
13.2780
14.0058
14.0058
14.0058
13.6291
13.6291
13.6291
14.1787
14.1787
14.1787
13.8438
13.6251
13.6251
13.7468
13.7468
13.5179
13.8755
13.5235
13.9819
13.9819
13.4578
13.4578
13.1949
13.4238
13.4238
14.0395
13.1529
13.1529
11.8487
11.8487
11.8487
11.8487
11.8487
11.8487
11.8054
11.3973
11.3973
11.4289
11.4289
12.2519
12.2519
12.4149
12.4149
11.5980
11.5980
11.5980
11.5980
11.5980
11.5980
11.5980
10.9037
11.4965
11.5818
11.7417
13.1446
13.5965
13.5965
13.5965
13.5965
13.5965
13.5965
13.5965
13.5965
13.5965
13.5965
13.5965
13.5965
13.2117
14.0989
14.0989
13.7833
13.7833
13.7833
13.7833
13.7833
13.7833
13.7833
13.7833
13.7833
13.2478
13.2478
13.2478
13.2478
13.7536
14.1397
14.1397
14.1397
14.1383
14.1383
13.6829
13.6829
14.0482
14.0482
13.9441
13.9441
14.5341
14.1148
13.8855
13.8855
13.1647
13.1647
12.1337
12.6359
12.6359
12.9994
12.7177
12.1267
13.0922
13.0922
13.0922
13.5893
13.5893
13.5893
13.5893
13.5893
13.5893
13.5893
13.0408
13.0408
13.0408
13.0408
11.2679
10.6455
11.1252
11.4510
11.4510
11.3789
9.8801
10.5188
11.6703
12.2493
12.2493
12.7935
12.4262
12.4262
12.4262
12.4262
12.4262
13.0468
12.3585
12.2463
13.6510
13.7279
13.4615
12.9937
12.9937
13.6990
13.7435
13.7435
13.8251
14.2229
14.2229
14.0682
14.0682
14.0682
14.0682
14.1498
14.1498
12.5390
12.5390
12.5390
12.5390
12.5390
12.5390
12.5390
12.9677
12.9677
12.9206
12.8022
12.8022
10.2191
10.2191
8.5084
9.9513
9.0081
9.0081
9.0081
9.0946
9.0946
9.6292
9.6292
9.6292
10.0467
8.9780
9.5861
9.7256
9.7256
9.7177
9.7177
9.7177
9.7177
9.7177
9.7177
9.7177
9.7177
9.8420
9.8420
9.8420
9.8420
10.7079
10.7398
11.3592
11.3592
11.3592
11.3592
11.4161
10.3913
10.8433
11.7331
11.9139
10.9530
11.7276
11.1135
11.1135
11.6981
12.8889
12.8889
12.8889
12.8889
12.8889
12.8889
12.8889
13.5374
13.5374
14.0012
13.4165
13.7128
13.9259
13.4776
13.4776
13.4866
13.2738
13.2738
12.7670
9.3754
9.3754
9.3754
11.1101
11.1101
12.5282
12.5282
12.9787
12.9787
12.9787
12.5136
13.2178
13.2178
13.0206
13.0206
11.1768
11.1768
11.4542
11.4625
10.9658
10.6910
10.5897
11.1151
12.6006
12.6006
12.6006
12.0976
11.8789
11.8789
12.0723
12.0723
13.6053
13.6053
13.6053
13.4087
13.4087
13.4087
12.7990
12.8459
12.8459
12.8459
12.8459
12.8459
11.3109
11.6911
11.6911
11.5611
12.0630
13.0484
12.5856
12.0790
12.6095
12.6768
12.6768
12.6193
11.8513
12.2715
12.2041
12.0753
12.0753
12.0753
12.0753
12.0753
12.0753
12.0753
12.0753
11.7124
12.0407
12.9923
12.9923
12.6850
12.6850
12.6850
12.4024
11.5437
11.5437
11.5437
11.9063
12.4108
12.2050
12.2050
12.6165
12.3788
13.4532
13.3997
13.3997
11.9955
11.9955
13.1415
13.7324
14.3518
14.3518
14.3518
14.3518
13.6279
13.8924
13.8924
13.5299
13.4471
13.5806
12.3174
10.8622
11.4465
12.6600
12.9259
12.9259
12.9259
12.9259
12.9259
12.9259
12.4917
12.4917
12.4917
12.4917
11.8272
11.8272
12.2276
12.2276
12.0875
12.0875
12.0875
10.7530
10.7530
11.8024
11.8024
13.1397
13.1397
13.4697
12.9122
12.5282
12.9272
12.9272
12.6767
10.9164
10.9164
10.9164
11.7006
11.7006
11.7006
11.7006
11.7006
11.7006
12.6429
12.4746
11.4150
10.0010
10.0010
10.0010
10.2344
10.2344
10.2344
10.2344
10.2344
10.2344
10.2344
10.2344
10.2344
10.4024
10.4024
10.9951
10.9951
10.9408
10.9378
10.9378
10.9378
10.9378
11.2178
11.2178
10.8376
10.8376
10.8376
10.8376
10.8376
10.8376
10.8376
11.2282
11.2282
11.2282
11.2282
10.2060
10.2060
11.5488
11.5488
11.0695
11.0695
10.8222
10.8222
11.0290
11.0290
11.0290
11.0290
11.0290
11.0290
11.0290
11.0290
11.0290
11.0798
11.3129
11.1681
10.9086
10.2530
10.1685
8.1443
9.7904
10.7865
10.7865
10.7865
10.6971
10.6971
10.6971
10.8999
10.6615
10.9145
10.5751
10.5751
8.1157
8.1157
9.2241
9.2241
9.1767
9.1767
9.1576
8.6281
8.0995
7.3628
7.1404
7.1404
7.9567
9.0336
9.0336
10.0127
10.0127
10.0127
10.0127
10.0127
8.8870
8.8870
8.8870
10.1702
10.6557
10.6557
10.1634
10.1634
10.6632
10.6632
10.6632
12.7425
13.3535
13.1978
13.0366
13.5473
13.4414
13.4414
13.4414
13.4414
13.0344
13.0344
13.0344
13.0344
12.9118
12.9118
12.9118
12.9118
12.9118
12.9118
13.2955
13.2955
13.5540
13.5540
13.5540
12.9571
13.2858
11.9895
13.1052
13.1939
13.1939
13.1939
13.1939
13.1939
13.1939
13.5226
13.5226
13.5226
13.0297
13.0297
12.4577
14.0427
14.0427
14.0427
14.0427
14.0427
14.4198
14.4198
14.2825
14.2825
14.2825
14.2825
14.2825
14.2825
14.2825
14.2825
14.2825
14.2825
14.2825
14.2825
14.2825
14.2825
14.2825
14.2825
14.2825
13.5082
13.5082
13.5082
13.1736
13.4759
13.4260
13.3158
13.7447
13.6577
14.0419
14.4140
14.4140
14.2392
13.8163
13.8934
13.8186
14.1940
14.1940
14.1940
14.1940
14.1940
14.1940
14.1940
14.2047
13.2405
13.2405
13.2405
13.2405
13.2405
12.6172
13.2415
13.2415
13.2415
13.5775
13.5775
13.5775
14.0915
14.0915
12.6320
13.3276
13.2683
13.2683
13.2683
13.2683
13.2683
13.1970
13.1970
13.1970
13.1970
13.1970
12.8875
12.8875
13.2035
13.2035
13.2035
13.2035
13.2035
13.2035
13.2035
13.2035
13.2035
13.2035
12.5751
12.5751
12.5751
12.8370
12.8370
12.8370
12.8370
12.8370
12.8370
12.8370
12.1185
12.1712
12.8051
13.2625
12.9838
12.9838
12.9015
13.8642
13.8642
13.8642
12.6721
12.6721
12.9661
12.9661
12.9661
12.8188
12.6513
12.6838
13.8131
13.8131
13.2448
13.2448
13.2448
13.2448
12.8482
12.8482
12.8482
12.5673
12.5673
13.8316
13.8316
13.8316
14.1241
14.2564
14.2564
14.2564
14.2564
14.2564
14.2564
14.2564
14.2384
13.3901
13.2638
13.7123
13.5317
13.1873
13.6165
13.6165
12.9556
12.9556
13.4897
13.4897
13.8766
13.8766
13.8766
13.8766
13.8766
13.8766
14.2544
14.5385
14.5385
13.7866
12.8321
11.9718
11.9718
12.0046
12.0046
12.0046
12.0046
12.3467
11.7021
11.6926
10.9928
10.9928
10.9928
10.2829
10.2829
10.2829
10.2829
10.8160
10.8160
10.8160
10.3546
9.9642
9.9596
9.9596
9.7037
9.7037
10.1791
10.1791
10.1791
10.1791
10.8494
10.7569
11.4185
11.4185
11.4185
10.7634
10.7634
10.9232
10.8132
10.9876
10.9876
10.9876
11.0210
11.0210
11.0210
11.0210
11.0210
11.0210
11.0210
11.1484
11.1484
11.1484
12.0162
12.0967
12.8604
12.7608
12.7608
12.7608
12.7197
13.9424
13.9424
13.9424
13.9424
13.6413
13.6413
14.1545
14.3225
12.2241
12.2241
12.2241
12.2241
12.2241
12.2241
13.3753
13.6859
13.6859
13.4712
13.4712
13.3349
13.9668
14.2712
14.2712
14.4986
14.4986
14.4986
13.8544
13.8544
14.6489
12.7093
13.6497
13.3684
13.3684
13.3684
13.3684
13.3684
13.3684
14.1958
14.1958
14.0762
13.7053
14.2176
13.3208
13.3208
13.3208
13.3208
13.8189
13.7223
13.7223
13.7223
13.3944
12.8107
12.5165
12.5165
12.5165
12.7076
12.7076
12.7076
12.7991
14.0151
14.0151
15.0287
15.0500
15.0500
15.0500
15.0500
15.0500
15.0500
15.0500
14.4974
14.4974
14.4974
14.5528
14.5528
14.5528
14.5528
14.5528
14.5528
14.5319
14.5319
14.5319
14.5319
13.9093
13.9093
13.9093
13.9093
13.9093
12.9541
12.9541
12.9541
12.9541
12.9541
12.9541
10.0263
10.5191
10.5191
10.0795
10.0795
10.0795
9.5621
10.4831
10.4831
10.4831
11.8167
13.0990
12.8471
12.8471
12.6351
12.6351
12.2398
12.2398
12.2398
12.2398
12.2398
12.2398
11.8651
11.8651
11.8651
12.2348
9.6643
9.6643
9.6643
9.4646
10.4327
10.4327
9.9918
11.8984
12.5724
12.5724
12.5724
12.1362
11.3193
10.7992
10.7992
10.7992
10.7992
10.7992
10.7992
10.7992
10.7992
10.7992
11.8040
11.8040
11.8040
13.8219
13.8219
13.6260
13.6260
13.6649
13.6649
13.6649
13.7430
13.7430
13.7464
13.6153
14.2623
14.2623
14.2623
14.2623
13.8825
13.8825
13.7247
12.6765
12.6765
13.4959
13.4959
13.3222
13.3222
13.3222
13.3222
12.9308
12.9308
13.0325
13.4785
13.7966
13.7966
13.7966
13.7966
13.7966
13.9681
13.9681
13.5696
13.6179
12.9036
12.9036
13.0684
13.2931
13.0116
13.0116
13.0116
13.0116
13.0116
13.0116
13.0116
13.0116
13.0116
13.4273
12.5843
12.5843
12.1876
12.1876
12.1876
11.7769
11.9901
12.4682
11.4076
11.9030
11.5155
11.2719
8.4375
10.4341
11.0377
11.0377
11.1016
11.2663
10.9180
10.7739
10.7739
10.7739
10.7739
10.7739
10.7778
10.2937
10.2937
10.2937
10.2937
10.2937
11.9891
11.9891
12.7129
13.0893
13.0893
13.1013
13.1013
13.1013
13.1013
13.1013
13.1013
13.1013
13.1013
13.1013
13.1013
13.1013
13.1013
13.1013
14.1099
13.6660
13.6660
13.6660
13.5534
13.3067
13.6837
13.6837
13.6837
13.6837
13.6837
13.6837
13.6837
13.2952
13.0899
13.0899
13.0899
13.4448
13.4448
13.4448
13.4448
13.4448
13.4448
13.4448
12.7534
12.7534
13.5234
13.7722
13.3990
14.0527
14.0527
14.0527
13.8312
13.9372
13.9372
13.9372
13.9372
13.9372
13.0291
12.9532
13.1916
13.2523
13.2523
13.2523
13.2523
13.2523
13.2523
13.2523
13.2523
12.3681
13.1009
13.5426
13.7170
13.7170
12.8077
13.0498
13.0498
12.4605
12.4605
13.9800
13.9800
13.9800
13.6713
13.6713
13.6713
13.6713
13.6713
13.6713
13.6713
14.2241
14.2241
14.2241
14.2241
14.2241
14.2241
14.2241
14.2241
14.7905
14.7905
14.9710
14.9710
14.6332
13.5534
13.6700
13.6700
14.0512
14.0512
14.0512
14.1700
14.0474
12.8399
11.7587
11.7587
11.7587
11.7587
10.2086
11.7053
11.7053
11.7053
11.7053
11.7053
11.6542
11.6151
11.6151
11.6151
11.6151
11.6151
11.6151
11.6151
11.6151
11.6151
11.6151
11.5316
11.5316
11.5316
11.5316
11.5316
11.2946
10.0327
10.0167
10.0167
10.2148
9.6316
7.5774
8.9824
8.2396
8.5376
9.3334
9.3334
9.3334
9.3334
10.3431
10.3431
9.7169
9.7169
9.7169
9.7169
10.1688
10.6262
10.8938
10.9051
11.5089
11.5089
11.4035
11.4035
11.4035
11.2890
11.2890
11.4663
11.6459
11.6459
11.1824
11.1824
11.1824
11.1824
9.5840
10.7470
10.8016
11.4116
11.4116
11.1450
11.1450
10.4997
10.4997
10.1457
10.1231
10.1231
10.1231
10.1231
11.2326
11.2326
11.2326
11.2254
11.2254
12.2522
12.2522
11.6262
11.6262
13.3158
13.3158
13.3158
13.3158
13.3158
13.3158
13.4130
13.4130
12.2178
12.0117
11.2618
12.2655
12.2655
12.2655
12.2655
11.7478
11.7478
11.7478
11.7478
11.7478
11.7478
11.7478
12.6704
12.3385
11.8274
11.8274
11.8274
11.8274
11.8274
11.8274
10.4206
10.2051
10.2051
10.2051
11.6002
10.4862
10.9561
10.9561
10.9561
10.9561
11.0971
11.4697
10.9015
10.9015
12.0831
12.8368
12.0112
12.0112
12.0112
12.7947
11.9894
11.9894
12.7451
12.7451
13.0799
13.0799
12.3045
11.6950
10.0946
10.2465
12.1572
12.1572
12.1572
12.6020
12.6020
12.0437
12.7178
12.2380
12.2380
12.2380
12.2380
12.2380
11.6036
11.6036
11.6036
11.6036
11.6036
10.2047
10.2047
10.2047
10.2047
10.2047
10.2047
10.9054
13.6527
13.8474
13.6263
13.6383
13.8136
13.6883
13.6883
13.6883
13.8596
13.8596
13.8596
12.8293
12.8293
12.5838
12.2891
12.0221
11.6033
12.0454
11.5356
12.5067
12.5067
12.5498
12.5498
12.8435
12.8435
12.9916
12.9916
13.3699
13.3699
12.9765
12.8770
11.5380
11.8423
11.8423
11.8423
11.8423
11.6889
12.2235
12.2235
12.2235
12.2235
12.3111
12.3111
11.9517
11.9517
12.0950
12.0950
12.0950
12.0950
12.4248
12.4248
12.4248
12.4357
13.2620
13.2620
12.6942
12.6942
13.5966
14.2225
12.8253
12.5770
12.9278
12.8824
12.8824
12.6257
13.5662
14.2994
14.2994
14.2994
14.0277
13.1633
13.1350
13.1350
13.3733
12.7512
12.4433
11.6777
11.6777
11.6777
11.6777
9.6001
9.6001
9.6001
11.2853
10.5569
10.5569
10.8817
12.5382
11.5721
12.0672
12.0672
12.1487
12.1487
11.6001
11.6001
12.5027
12.7954
12.7166
12.1290
12.1290
11.7497
12.8425
11.2450
11.2450
11.2450
11.2450
10.1049
10.1049
10.0546
10.0546
10.0546
9.2418
9.2418
11.0426
11.0426
9.9553
10.1485
10.1485
10.1485
10.4908
10.4908
10.8412
10.7469
10.9503
11.3025
11.1024
11.1024
12.3993
11.9735
13.0012
13.0012
13.1358
13.1358
13.1536
13.1536
13.3245
13.3245
13.3245
12.6634
11.1698
11.9446
11.6558
11.6558
11.2805
11.2805
11.2805
11.8334
11.8334
11.8334
11.8334
11.4611
11.4611
11.4611
11.1534
11.1534
11.1534
11.1534
11.1534
11.1534
11.1534
11.1534
11.2429
11.2524
11.5917
12.1701
11.9002
11.9002
11.9002
12.8164
12.8164
12.8164
12.8164
11.7969
11.6948
10.5948
10.5948
10.5948
10.5948
10.5948
10.5948
11.2163
11.2163
11.2819
11.2819
11.2819
11.2951
11.2951
11.2951
11.3810
11.3810
11.3810
11.3810
11.3810
11.7178
13.7292
13.7292
13.7292
13.7292
13.7292
13.7292
13.7292
13.7292
13.2019
12.2254
11.4926
11.4926
11.4926
11.2662
11.9019
12.1891
12.9217
13.0102
13.0102
13.0102
13.0102
12.3186
11.5569
11.9327
12.9832
13.1524
13.1524
13.1524
12.8057
11.9541
11.9541
11.9541
11.9541
11.6171
11.2159
11.0313
11.6055
11.6055
11.6055
11.6055
11.6055
11.6055
11.6055
11.6055
11.6055
12.2925
12.0381
12.0381
12.0381
12.0381
12.4868
11.9662
11.9662
11.9662
11.9662
11.5294
11.3901
11.0313
10.0059
10.5339
11.1737
11.1737
11.9771
11.9771
11.9771
11.7860
12.7565
12.4959
12.2414
12.2414
12.2414
12.2414
12.2414
12.2414
12.2414
12.2414
12.2414
12.2414
12.6216
12.6216
12.6216
12.7581
12.7581
13.1354
12.5483
12.5483
12.5067
12.1576
12.0079
11.7974
12.1699
11.2387
12.0459
11.7501
11.8822
11.8822
11.8822
11.8822
11.8822
11.6410
10.3131
10.3131
11.2956
13.3180
13.3180
13.3027
12.3448
12.7119
12.7119
12.7119
13.0435
13.0435
13.0435
13.0435
13.0435
13.0435
13.0435
13.0435
13.0435
13.0435
13.0435
13.0435
13.0435
13.0435
13.0435
13.0435
13.0435
13.0435
13.0435
13.0435
13.0435
13.0435
13.0435
12.2169
12.2169
11.3764
10.8473
10.8473
11.6609
11.6609
11.6609
12.0204
11.2800
11.8380
12.9344
12.5262
13.4543
13.1889
13.1889
13.1889
13.1889
13.1889
13.1889
13.1889
13.1889
13.1889
13.1889
12.9281
12.0395
11.3473
11.7203
11.7761
11.7761
11.4589
11.5601
10.9543
10.9543
11.3797
12.0840
12.0840
12.0840
11.1585
11.1585
11.1585
11.1585
11.1585
11.3512
11.5266
11.5266
11.5266
12.0789
12.0789
12.3979
11.9306
11.9306
12.5429
13.0256
13.0256
12.3326
12.3326
12.3326
12.3326
12.3326
10.3184
10.8894
10.8894
11.6127
10.5054
10.5054
10.5054
10.1786
10.1786
10.1786
9.3724
9.7928
9.7928
10.2415
10.2994
9.8621
10.0394
10.4327
11.5911
10.5714
10.5714
10.7497
10.7497
10.8114
10.8114
10.8114
11.4417
9.5777
9.5777
10.7436
11.3471
11.3471
11.3471
11.3471
11.2706
11.2706
12.1747
12.1747
12.1747
11.2286
10.2922
10.2922
10.1380
10.1380
10.1380
10.3750
10.3145
9.1816
11.3840
11.3840
11.8990
12.4489
12.4489
11.2249
11.1010
11.7469
11.7469
13.3369
10.6318
10.9045
10.9045
10.9045
10.9045
10.9045
10.9045
10.0934
9.0488
8.8335
9.6258
9.6258
10.4266
12.3057
12.3057
12.3057
12.0814
11.0494
10.1420
11.2682
11.2682
12.3095
12.0143
10.6222
10.6222
10.6222
10.7872
11.2088
11.1746
11.9413
12.3619
12.3619
12.3619
12.7927
13.0354
13.0354
13.0354
13.0354
13.0354
12.5903
12.5903
12.5903
12.9013
11.9383
11.9383
11.9383
11.9383
11.9383
11.9383
11.9383
12.0667
12.0667
12.0667
12.2104
11.3549
11.3271
11.8210
11.9361
11.9361
11.9361
11.9318
11.9318
11.9318
11.3967
11.3967
9.8652
8.8821
9.9452
10.2353
10.2353
10.2353
9.4723
9.5935
9.5935
9.5935
9.5935
8.5981
8.5981
9.9469
9.9469
9.9469
11.5606
11.5606
11.5606
11.5606
11.5606
11.5606
11.9349
12.8567
13.2904
13.2904
13.2904
13.2904
12.6485
13.6235
13.6235
13.6235
13.6778
13.0381
13.8509
13.1714
13.1714
13.1714
13.1714
11.7621
11.0961
11.1019
11.6523
12.1165
11.6496
11.6496
11.8383
11.8383
11.8383
11.8383
12.2899
10.3282
10.3282
11.6617
12.3819
12.3819
12.8670
12.8670
12.7873
12.4715
12.8399
12.8399
12.8399
12.8399
12.8399
12.8399
13.1393
13.1393
13.1393
13.1393
12.9831
12.7536
12.0695
12.0695
12.0695
13.5958
13.5958
14.0994
14.0263
14.0263
14.0263
13.3155
12.8545
12.8545
12.8545
12.8545
12.8545
12.8545
12.2975
12.5540
11.3989
10.9894
10.9894
11.6109
11.6109
11.2739
10.4407
10.4407
10.7944
10.8828
9.8498
10.3636
10.3527
10.3527
9.9522
10.3789
11.8997
12.1987
12.1987
12.1987
12.1987
12.1987
12.5131
12.5131
12.5131
12.5131
12.2431
11.7912
12.9489
13.0929
13.2103
13.2103
13.2103
13.2103
13.2103
13.4227
14.9461
14.9461
14.9461
14.9461
13.7005
13.9237
13.9237
13.8247
12.6977
12.6977
12.6977
12.6977
12.6977
12.1699
12.1699
12.7869
12.1020
11.8565
12.2236
12.2236
12.2236
12.2236
12.2236
12.2236
12.2422
12.0979
12.6937
12.6937
12.3347
12.2711
12.2711
12.2711
12.2711
12.2711
12.2711
12.2711
12.2711
11.6207
11.4672
11.1057
11.1057
10.6199
9.6274
9.7141
10.2078
10.2078
10.2078
10.2078
10.3158
10.3158
10.8371
12.3058
12.1711
12.7288
12.7288
12.7288
12.0358
11.5861
11.4249
11.9974
11.9974
12.3407
12.0603
11.2531
11.6266
11.6292
11.6292
11.6292
11.6292
11.6292
11.5594
11.5594
11.5594
11.5594
11.5594
11.5594
11.9972
11.9972
11.9972
12.3363
12.3363
13.0928
12.8349
12.8349
12.2181
12.9616
12.9616
12.9616
12.9616
13.2592
13.2592
13.1316
13.1316
13.5570
13.5570
13.6505
13.6505
13.4847
13.4847
14.0847
14.0847
14.2727
13.9088
13.5588
13.5588
13.5588
13.9505
13.9505
13.9505
13.8136
14.1507
14.3130
13.5098
13.5098
12.4304
13.3897
13.3897
13.3897
12.9205
12.0896
12.0896
11.3891
12.4448
12.4448
12.3949
13.4186
13.4186
13.4186
13.4186
13.4186
13.0147
13.0147
12.9433
12.4988
12.4988
13.0969
13.0764
13.0764
13.0764
13.0764
13.0764
13.0764
13.0764
13.7704
12.7983
12.7983
12.9895
12.9895
12.9895
11.8048
11.8048
11.8048
11.8048
11.8048
11.8048
11.5036
11.5787
11.5787
11.5787
11.5787
11.6252
12.3601
12.8973
12.8973
13.1519
13.1519
13.1519
13.1519
13.1519
13.6974
13.6974
13.6974
13.6974
13.7235
13.4898
13.4898
13.4898
13.4898
13.4455
13.4455
13.4455
13.4455
13.4455
13.4455
13.4455
13.4455
13.4455
12.6076
11.3856
11.2567
10.6987
10.6987
10.9956
9.6925
9.8201
9.8201
9.8201
9.8201
10.3809
10.7713
10.7713
10.6200
10.2967
10.2967
9.3107
9.3107
11.3539
10.7177
11.2466
11.7029
11.7029
11.6445
11.1530
11.5345
11.5345
11.1553
11.1553
11.0274
11.4812
11.4812
11.4812
11.4812
11.4812
11.4812
11.4812
11.4812
11.6171
10.2687
10.2687
11.8079
11.8079
11.8079
11.8079
11.8079
11.8079
11.8079
11.8079
11.8079
11.8079
11.0904
12.1463
12.1463
12.1463
12.1463
12.1463
11.8597
11.8597
12.2165
12.7512
12.7512
12.7512
12.7512
12.9742
12.9742
12.9742
12.9742
13.2487
13.5647
13.2850
13.2850
13.0360
13.5333
13.5333
13.3969
13.3969
13.1514
13.0710
13.0710
13.0710
12.8485
12.8485
12.6407
12.6407
13.3318
13.3318
13.0996
13.0996
12.5578
12.5578
12.5578
12.5578
12.5578
12.5578
12.6796
12.6796
12.4673
12.4673
11.6775
11.6775
12.3346
14.4668
14.4668
14.4668
14.4668
14.4668
14.4668
14.5492
14.5540
13.7141
13.9712
13.9712
13.9712
13.9712
13.7669
13.7669
13.7669
13.5490
13.5490
13.5490
13.2230
13.2230
13.2230
13.1758
13.2830
14.0145
13.8404
13.8404
12.9550
14.5220
14.1886
14.1886
14.1886
14.1886
14.1886
14.1670
13.6972
13.6972
13.6972
13.6972
13.6972
13.0382
13.1182
13.0051
12.9794
12.4060
12.4060
13.7577
13.7066
13.7066
13.7066
14.1033
13.9913
13.7540
13.1541
13.0454
13.1956
13.2160
12.7722
12.3551
12.0809
12.0809
12.0809
9.9866
12.3014
12.3014
11.1686
12.0896
12.0896
12.2503
13.0142
13.0142
13.0142
13.3901
13.1907
13.1907
13.1907
13.1907
13.1907
12.0471
11.4471
11.4471
12.0620
12.0620
12.0620
12.8730
12.8730
12.8730
12.3442
12.3442
10.9136
11.0397
9.8488
9.8488
12.3229
12.5973
12.5973
11.9106
11.9106
11.9106
12.0349
12.0349
12.0349
12.0349
12.0349
12.0349
12.0349
12.0349
12.0349
12.0349
12.0349
10.1532
10.1532
8.5904
8.5904
8.5904
8.5904
10.0710
11.2603
11.5355
11.5355
11.5355
10.7721
11.2221
10.6419
10.4574
10.4574
9.7367
9.7367
9.7367
9.0772
9.3011
9.2227
10.6021
10.6021
10.6021
10.6021
10.4162
10.4162
9.8889
9.8889
9.8889
9.7898
11.6500
11.3365
11.3365
10.3670
10.3670
10.3670
9.6721
10.2498
10.7714
10.7714
10.2185
10.2185
10.2185
9.5068
9.6395
9.6395
9.6395
9.6395
11.7538
11.7538
11.7538
11.7538
11.7538
11.7538
11.7538
11.7538
11.7538
11.5915
11.5915
12.1520
12.1520
11.5963
11.3713
10.3549
10.3549
10.3549
9.1850
9.1850
8.3527
7.5590
7.5590
8.5635
8.7091
8.7091
8.7364
8.2318
9.5312
9.5312
9.5312
9.5312
9.3897
8.9930
8.9930
8.9930
8.4997
8.4997
8.4997
8.4997
8.0238
8.6981
8.6981
8.3653
9.6611
9.6611
9.1571
9.1571
9.0760
10.2377
10.7097
10.7097
10.3547
10.3547
9.5784
9.5784
10.1894
10.5334
11.2842
11.2842
11.7834
12.3508
12.4108
12.4108
12.4108
12.0118
12.0118
11.1585
11.1585
11.1585
11.1585
11.1585
9.9029
9.9029
9.9029
9.9029
9.9029
9.9029
9.9029
9.9029
9.9029
9.9029
9.9029
9.9029
9.9029
9.9029
9.9029
9.9029
9.9029
9.9029
9.9029
9.9029
9.9473
11.1827
11.9833
12.1074
11.7808
11.7808
12.4468
12.3767
12.3767
12.3767
12.3767
12.3767
12.9883
12.9883
12.9883
12.9883
12.9883
13.8143
13.8143
13.8143
13.8143
13.4365
13.4365
13.1221
13.1221
13.1221
13.1221
13.1221
13.1221
11.9315
11.8401
11.2742
11.2742
11.2742
11.5053
11.7295
11.7295
11.8376
11.7531
11.7531
12.6718
12.1428
11.6214
11.6214
11.7757
12.2890
12.0558
11.9282
11.9282
11.8175
12.7126
12.7126
12.1486
12.1486
13.2158
13.0908
11.8504
12.4425
12.4425
12.4425
13.0593
12.4775
12.4775
13.0794
13.7313
13.8676
14.3406
14.3406
13.5648
13.5648
13.8856
13.5877
13.5877
13.5877
13.4688
13.4688
13.4688
13.3140
13.3140
13.3140
13.3140
13.3140
13.3140
13.3140
12.6156
12.6156
12.6156
12.6156
12.6156
11.5370
11.1420
10.6763
10.9939
10.9723
9.8578
10.8234
11.0824
10.8778
11.1545
11.3110
11.3110
11.3110
11.3110
11.3110
12.1820
12.1820
12.1820
11.6136
11.0036
11.5951
11.3409
11.3409
11.3409
11.6551
11.6551
11.1680
11.1680
11.3965
11.3965
11.3965
11.3965
11.3965
11.3965
11.3965
11.3965
11.3965
11.3965
11.9946
14.1831
14.1831
14.3464
13.2250
14.2907
14.2907
14.2907
14.2907
14.2907
13.7465
13.2763
12.8918
12.8918
11.3297
12.3641
12.9203
12.9203
12.9203
13.5556
12.8795
12.6351
12.4575
12.4575
12.4575
12.4575
12.4720
13.0804
12.4019
10.8909
12.7560
12.7560
13.3375
13.3375
13.4862
13.4862
13.7516
13.7516
13.7516
13.7516
13.7742
13.7742
13.7742
13.7742
13.7742
13.7742
13.7742
13.7742
13.3279
13.3279
13.3279
13.5503
13.5503
13.5503
13.5503
13.4991
12.0236
12.0236
12.0236
12.5047
13.2440
13.5287
13.1561
11.9766
11.9766
12.2899
11.6384
11.6384
12.0104
12.0104
11.2445
13.2418
13.2418
13.4815
13.9017
13.9017
13.2372
13.4017
13.2843
13.2843
13.2843
13.4520
13.9553
13.9553
12.8560
12.8560
12.4810
11.2128
11.2128
11.2128
11.2128
11.9845
11.9845
11.9845
11.6361
11.6361
11.6361
11.6361
11.6776
12.8889
12.9847
12.9847
12.9847
12.9847
13.5707
13.5707
13.7118
13.9780
13.6905
13.6905
13.6905
13.6905
13.8481
13.4573
13.4573
13.4573
13.4573
13.4573
13.4573
13.4573
13.4573
13.4573
13.4573
13.4573
13.1956
12.8296
12.8296
13.4335
12.8413
13.4427
13.4427
13.4427
13.0961
13.0961
13.0961
13.3434
12.0722
12.0722
11.1519
11.1519
11.9175
11.8711
11.9269
12.6846
12.9519
13.0454
13.0454
13.0454
13.0454
11.8222
11.8222
11.6501
11.6501
11.2961
11.6777
11.2602
11.2602
12.7453
12.7453
12.5100
12.5100
12.5100
12.5100
12.5100
12.5100
12.5100
12.5100
11.9284
11.2449
11.2946
12.0207
13.3227
13.3227
13.3585
13.3585
13.3671
13.3671
13.2900
13.5351
13.5351
13.7814
13.4246
13.9012
13.6780
13.6780
13.6780
13.6564
13.0351
13.0351
12.3707
12.6224
11.7124
11.7124
11.7124
11.7124
11.7124
11.7124
11.7124
11.7124
11.7887
11.7887
12.2043
12.2043
12.3100
12.3100
12.3100
12.3490
12.4251
12.2032
13.0333
13.0333
13.0333
13.1882
13.1882
13.1882
13.1882
13.1882
12.1750
12.5092
11.0867
11.8176
11.9483
10.6681
10.6681
10.5429
10.2136
10.1215
10.0368
9.5278
9.5278
9.5278
8.8451
9.4957
10.7465
10.1573
10.5511
12.0885
12.0885
12.6381
12.7433
12.7433
12.7433
12.7433
12.7433
12.7433
12.2584
12.2584
12.2584
12.3532
12.6961
12.6961
12.6961
13.0949
13.0949
13.1534
13.1534
13.4757
13.1460
13.1460
13.1460
13.1460
13.1460
11.9796
11.9796
11.9796
11.7228
11.7228
11.6762
12.8206
13.4929
13.4929
13.4929
13.2391
13.6457
13.6457
13.7359
13.4616
12.8994
12.8994
13.1795
13.3217
13.5274
13.5274
13.4391
13.3496
13.3612
13.3110
12.5568
13.0730
13.0730
13.0730
13.0730
13.0730
13.0730
13.0730
12.7861
12.7861
12.7861
12.7861
12.4964
12.4964
12.4964
11.4858
11.4858
12.6919
12.4835
12.4835
12.4835
12.5915
12.5915
12.5915
13.2788
13.2788
13.2788
12.7990
12.7990
12.7990
12.3008
12.3008
12.3008
13.5281
13.5281
13.5281
13.8629
13.8629
13.8629
13.8629
13.8629
13.8629
13.8629
13.8560
14.1423
14.4692
14.6964
14.6964
14.6964
14.6964
14.0037
14.0037
14.2756
14.2756
14.2756
14.2756
14.2756
14.2756
13.6162
13.4013
13.4013
13.4013
13.4013
13.4013
13.4013
13.4013
13.4013
14.1156
14.1156
14.4472
14.1990
14.1990
14.1990
14.3770
13.7107
12.6661
12.3325
13.6254
12.9177
12.7703
12.7703
13.6123
13.6123
13.6123
13.6123
13.7480
13.7480
13.8177
14.0049
13.9771
13.9771
13.8296
13.8296
13.8296
13.8296
13.8296
13.8296
14.2057
14.2057
14.2755
14.2755
14.1530
13.9905
13.2415
13.2415
13.2415
12.6700
12.6700
12.6700
12.9525
11.6167
11.6167
10.9073
10.9007
10.9007
10.9007
10.9007
10.8124
10.3691
10.3691
10.3691
10.3691
11.0021
11.3824
11.3824
11.3824
11.3824
11.3824
11.3824
11.3824
11.3824
11.3824
12.3666
10.6513
10.3356
10.2947
11.2976
11.2976
10.9103
11.3721
11.3721
11.3721
12.8366
12.6751
12.6751
12.9483
12.9483
12.9483
12.9483
12.9483
12.9483
12.2662
12.2662
11.2637
11.2637
11.4806
11.4806
12.0304
11.5133
12.3793
13.3302
12.7967
13.2688
13.2688
13.2688
13.1110
13.3090
12.8746
13.2471
13.2471
14.0487
14.0487
13.9807
13.7799
13.4186
13.4186
13.2691
13.2691
13.2226
13.2226
13.2226
13.2226
13.2226
13.3369
13.3369
13.6610
12.3508
12.3508
12.3508
12.3508
12.3508
12.6024
12.0097
12.0097
12.8450
12.1321
12.1321
12.3985
12.4336
12.3386
13.0108
13.0108
13.0108
12.9233
13.1376
13.1376
12.5280
12.2211
12.8075
12.8075
12.8075
12.5458
12.6974
12.2280
11.6977
11.6977
12.5303
12.5303
13.3267
13.8950
13.8950
13.6374
13.6374
13.6374
13.6228
12.8268
12.8268
12.8268
12.8268
13.1692
13.1692
13.1692
13.1692
13.1692
12.4979
11.2222
11.0322
10.8464
10.8464
10.8464
11.8248
11.8248
11.8248
11.6002
11.6002
11.6781
10.9571
11.6671
11.6671
12.4975
13.5937
13.0608
13.4892
13.4892
12.8127
12.8144
12.4955
13.9187
13.8591
13.5311
12.8297
12.8297
12.8297
12.8297
12.8297
13.2724
13.2724
13.2724
12.9311
11.2409
11.2409
11.2384
11.8440
12.1748
12.1748
12.1748
12.5654
13.5309
13.5309
14.2124
13.8401
13.8401
14.1673
14.1673
13.7269
13.0640
13.0640
13.2983
13.2983
12.9505
12.3338
12.3338
11.2502
11.2502
11.2502
11.4637
11.4637
11.4637
11.4442
11.4442
11.4442
11.4442
11.3610
11.3610
12.0321
12.0607
11.5480
12.2651
12.2651
12.2651
11.8924
11.8924
11.9914
10.5552
10.6898
10.6898
10.6898
11.1952
11.1952
11.1031
10.7825
10.7825
10.7825
10.7825
10.7825
11.4362
11.4362
11.3100
11.3100
11.3100
13.0226
13.0226
13.0226
13.0226
13.0226
13.0226
13.0226
12.6580
11.3801
11.4313
11.9076
11.5633
11.1512
10.5437
10.6077
11.1815
11.1815
11.1815
12.7120
11.2716
11.2716
11.2716
11.8167
11.8167
12.0310
11.5872
11.5872
11.1360
11.1360
10.5108
11.7528
11.6222
11.6222
11.6222
13.0949
13.4973
13.7614
13.8434
14.1558
14.1558
14.1558
13.6129
14.1066
14.1527
13.9857
13.9857
13.9857
13.9857
13.9857
13.9857
14.4436
14.4436
14.4436
13.0868
13.0868
11.7861
11.7861
11.7861
11.7861
11.7861
11.7861
11.7861
11.7861
10.9967
10.9967
10.9967
10.9967
10.9967
10.9967
10.9967
10.9967
10.9967
11.6284
12.0239
11.5382
11.5382
12.2793
11.6666
11.6666
12.1929
12.1198
12.2740
12.2740
12.2740
12.2740
12.2740
12.2740
11.1292
12.0629
11.9565
11.0392
12.7153
12.7153
12.7153
12.1541
12.1541
10.7758
10.7758
11.3971
11.3971
12.2077
12.2077
12.9482
12.9482
12.9482
11.8186
11.8626
11.8626
11.4349
11.4349
11.4349
12.3992
13.6964
13.2485
13.3082
13.5328
13.5328
13.3553
13.3553
13.3553
13.3553
13.5713
13.5713
13.5713
13.5713
13.5713
13.5713
13.4364
13.4364
13.4315
13.4315
13.4315
13.4315
13.4315
13.4315
13.7579
13.7579
13.7579
13.7579
13.7579
13.9536
13.9536
13.9536
12.8230
12.8230
12.8230
12.8230
12.8230
12.8230
12.8230
12.8230
12.8230
12.8230
12.8230
12.8230
14.1817
13.2176
11.6943
11.6943
11.6943
11.2175
11.2175
11.2175
12.2653
12.2653
13.4968
13.4968
13.4968
11.6240
10.7212
10.8361
12.0403
12.7527
13.2010
13.2010
12.8203
12.9094
12.0468
12.0468
11.7570
12.9612
12.9612
12.1101
12.1101
12.1101
12.1101
12.1101
12.2262
13.8194
13.8194
11.3637
11.4568
11.4568
11.7068
11.7068
11.7068
11.7068
11.7068
11.7068
11.7068
12.4179
12.4179
12.2324
12.2324
12.9371
12.9371
12.9371
12.9371
12.1692
12.4522
12.4522
12.4522
12.4522
12.1930
12.1930
12.1930
12.1930
12.1930
12.1616
12.1616
11.8687
11.8687
12.6834
13.3600
12.7348
12.7348
12.7348
12.3428
11.7803
11.1318
11.2369
11.2369
11.1123
11.1123
11.1123
11.1123
11.1123
11.1123
10.9423
10.9423
10.2592
10.2592
10.2592
12.2886
12.3768
11.8103
11.8103
11.8103
11.8103
11.8103
10.6849
10.6443
10.6443
11.1153
11.7238
11.6240
11.6240
11.8186
12.3730
12.3730
12.3730
12.8870
12.8870
12.8870
12.5907
11.6009
11.6009
11.8387
11.8387
11.8387
11.9095
12.1048
12.0660
12.0201
12.3272
12.3272
11.7610
11.3554
11.3554
11.3554
11.3554
11.3554
11.3554
11.3554
11.3554
11.3554
11.3554
11.8869
11.8869
12.4178
12.4178
12.8638
11.8732
11.8732
11.8732
11.8732
11.8732
11.8732
11.3414
11.3414
12.1007
11.3264
11.3264
11.3264
11.3264
11.3264
11.3264
11.3264
11.3264
11.3264
11.3264
11.3264
11.3264
11.3768
11.3768
11.3768
11.3768
11.3768
11.3768
11.3768
11.3768
11.3768
11.3768
11.3768
11.3768
11.3768
11.3768
11.4753
11.4753
10.7865
10.7865
10.7865
11.2651
11.2651
11.2651
11.2651
11.2651
11.8237
11.8237
11.7890
11.7890
11.4677
10.9820
10.8175
10.7443
11.9090
11.9090
11.8482
11.7039
12.3047
12.3047
12.3047
12.3047
12.3047
12.3047
12.3047
11.8965
11.8965
11.8965
11.8965
11.8965
11.4920
11.2480
11.6584
11.6584
11.6584
11.6584
11.6584
11.6584
12.3147
12.5955
12.4148
12.4148
12.0298
12.2131
12.2131
12.2131
10.9516
10.9516
10.9516
10.9516
10.9516
10.9516
10.9516
10.9516
10.9516
10.9516
10.0347
10.0347
9.5779
11.2833
10.8561
10.9682
10.8389
12.2322
12.9062
12.9062
12.6193
12.6193
11.9354
11.9532
12.7754
12.7754
12.7754
12.7754
12.7754
13.6912
13.6912
13.6912
13.6912
13.6912
13.6912
13.6912
13.6912
13.6912
13.6912
13.6912
13.6912
12.8876
12.8876
12.3071
12.3071
12.3071
12.3071
12.7412
12.7412
12.7412
12.7412
12.7412
12.7412
13.1160
13.1160
13.1160
13.1160
12.2879
12.3103
12.3103
11.4034
11.4034
11.4725
12.8033
12.8033
12.3466
13.3600
12.1423
12.1423
12.1423
12.1423
12.1423
12.1423
12.1423
12.1423
12.1423
12.1423
12.1423
12.1423
12.1423
11.0812
11.0812
11.0812
11.3808
10.4517
9.3561
10.4093
11.5046
11.5046
12.6755
12.6567
12.6567
12.3325
13.4448
12.1566
12.2208
11.6496
11.6496
11.6496
11.6496
11.6496
10.8308
10.8308
11.4703
11.4703
11.2360
11.2360
11.2360
11.9012
11.9012
11.7524
11.0183
11.1370
12.2011
12.2011
11.8705
11.8705
11.5770
13.3171
13.3171
13.3171
13.3171
13.3171
12.5540
13.6431
13.6431
13.6431
12.8075
12.8075
12.8075
12.8075
12.8075
13.3975
13.3975
13.3975
13.1177
13.1177
13.1177
13.1177
13.1177
13.1177
13.1177
13.1177
13.1177
13.1177
13.1177
13.1177
13.1177
13.1177
13.1177
12.9184
12.9184
11.8364
12.9350
11.9966
12.3895
13.0460
10.9596
11.0928
11.0928
11.2699
11.2699
11.2699
11.7137
11.9481
11.9481
11.9481
10.9982
10.8314
9.8861
9.8861
10.2411
10.2411
11.4646
11.2891
11.0477
11.2257
11.2257
11.5738
11.3109
11.3109
11.3109
11.3109
11.3109
11.3109
11.3109
11.3109
11.3109
11.3109
10.6523
9.7849
9.7849
10.2678
10.2678
10.2678
10.2678
9.5609
9.5609
8.1761
7.8823
9.1552
9.1552
9.6762
9.6762
7.8633
8.7637
7.8566
7.8566
7.8566
7.8566
7.8566
9.0615
9.0615
10.4363
10.5625
10.5625
10.5625
10.5625
10.5625
10.5625
10.5625
10.5625
10.5625
10.7171
9.8569
10.1640
10.8979
10.8979
10.8979
10.8979
10.7334
12.6180
11.9573
12.6418
12.5682
12.5682
12.6351
11.6496
12.7058
12.8928
12.8928
12.4708
12.4708
12.4209
12.4209
11.9137
11.9137
12.8482
12.8482
12.8482
12.8482
12.8482
12.8482
12.8482
12.8482
12.8482
12.5460
12.5460
12.9723
12.9723
12.9723
12.4884
11.6746
12.2330
11.5622
12.2225
10.3526
8.8977
9.7840
9.7840
9.7840
9.7840
9.7840
9.7840
9.7840
9.1195
9.5545
9.5545
9.5545
9.5545
10.0280
10.0280
9.9274
9.9274
9.9274
9.9274
9.9274
10.6475
9.6261
10.4936
10.4936
10.7923
10.7923
10.7923
11.0964
11.0964
9.9857
9.9857
9.9857
9.5433
8.8777
8.8777
8.8777
8.8777
8.8777
8.8777
8.8777
8.8777
8.6887
9.8786
9.8786
9.4558
9.5409
9.5409
9.9908
9.9908
8.9095
8.9349
9.4784
11.1435
11.1435
11.1435
11.4432
11.4432
11.4432
11.4432
10.5435
11.3488
11.3488
11.3488
11.3488
12.8523
12.8523
11.9169
11.9169
11.9169
11.9169
11.9169
11.9169
11.9169
11.9169
11.9169
11.9169
11.9169
11.2711
11.2711
11.2711
11.2711
11.2711
11.2711
11.2711
11.2711
12.4869
11.3675
11.3675
11.3675
11.3675
11.3675
11.3675
11.3675
11.3675
11.3675
9.9710
9.9710
9.9710
9.9710
9.9710
9.9710
8.9869
9.9476
9.5113
8.7405
10.1830
10.4118
10.8950
10.8546
11.4507
11.9689
11.4333
11.7374
11.7374
11.2813
11.6055
10.7513
10.7619
11.0067
11.0067
11.0067
11.0067
10.8761
10.8761
11.2295
11.2295
12.1283
12.5849
11.0858
12.3493
12.3977
12.5671
11.3309
11.4225
11.2135
11.4861
10.9003
10.9003
11.8425
11.8425
11.8425
11.8425
11.8425
11.8425
12.2235
12.2235
12.2619
12.2564
12.2625
12.2625
12.2625
11.9675
11.8665
12.4210
12.4210
12.4210
12.4210
12.4210
12.9088
13.0685
12.8890
14.4607
14.4607
14.4607
13.5818
12.7969
13.2653
13.2653
12.9443
13.0876
13.0876
13.0876
13.2270
13.3146
13.7006
14.2599
14.2599
14.2599
14.2353
14.2353
14.2353
14.2353
14.2353
14.2353
14.2353
13.8326
13.8326
13.8226
13.5341
13.5341
13.5341
14.4401
14.4401
14.4401
14.0685
13.5006
13.5006
14.6118
13.8136
13.0287
13.0287
11.9835
11.9835
11.9835
13.3197
13.3197
13.3197
13.3197
13.3197
12.1478
12.1478
12.7209
13.7061
13.7061
13.7061
13.7061
13.7061
14.0116
14.0116
14.0116
14.0116
14.0116
14.0116
14.0116
13.7604
13.4647
13.4647
13.2706
13.2706
13.2706
13.0843
13.0843
13.0843
13.0843
12.7616
12.8120
12.8120
12.8120
12.8120
12.8120
12.8120
12.8120
12.8120
12.6108
12.6108
13.2774
13.3556
13.3556
13.3556
12.2671
12.2671
12.9633
12.9633
11.8669
11.2524
11.2524
11.2524
11.2524
11.2524
11.2524
11.2524
10.8966
12.1933
11.6528
11.0149
11.0149
11.0149
9.9244
9.9244
10.5898
10.5898
10.5888
11.2237
11.2237
11.2237
11.2237
10.3491
10.3491
10.3491
10.5845
10.5845
10.6478
10.9419
11.9346
12.0558
12.3539
12.3539
12.0859
12.0859
12.0859
11.2861
11.2861
11.6055
11.3193
11.3193
11.2432
10.6511
10.6511
10.9269
10.9269
10.1449
10.1449
10.1449
11.0114
11.3608
11.9125
11.5467
11.5467
11.5467
11.0978
11.2337
11.3439
11.5867
11.2896
11.5913
11.0048
12.3158
12.3158
12.3041
13.5854
12.9163
13.1941
12.4236
12.4236
12.3409
12.3409
12.3409
12.3409
14.0940
14.0940
14.0940
14.0940
14.0940
14.0940
14.0940
14.0940
14.0940
14.0940
13.0368
13.0368
13.0368
13.0368
13.0368
12.3805
12.2904
12.2904
12.5761
12.5761
12.5761
12.5761
12.5761
12.5761
12.5761
12.5060
12.5060
12.5060
12.5060
12.5060
11.8217
11.8217
12.2664
12.2664
12.0040
12.0040
12.0040
12.0752
12.0752
11.6362
12.7568
12.7568
12.7688
12.7688
13.6954
13.6954
13.6954
13.6954
13.6954
13.6954
13.6954
13.6954
13.6954
13.6954
13.6954
12.2934
12.2934
12.7360
12.7360
12.7360
12.7360
12.7360
12.7360
12.7360
11.4579
12.3191
12.3191
12.3191
12.3191
12.3191
12.3191
12.2938
13.5718
13.5718
13.5718
13.5718
13.5718
13.5167
12.9878
12.9878
12.9878
12.9878
12.9878
12.8768
12.8768
12.8768
11.9488
12.6298
13.0149
13.0149
10.9964
11.5280
11.5280
11.7491
11.6740
11.7160
12.1256
11.8765
12.9191
12.9191
12.9191
12.9191
12.9191
12.9191
12.9191
11.9487
11.9487
11.9487
11.7703
11.7703
11.8929
12.7800
13.3919
12.8162
12.8162
12.8162
12.8162
12.8162
12.8162
12.8162
12.9309
12.9309
12.9309
12.9309
12.8866
13.0994
13.1532
12.2984
12.2984
12.2841
11.3036
11.3231
11.0614
11.0614
12.2025
11.7261
12.1478
12.1478
12.1478
12.1935
12.1935
12.1935
12.1935
12.8891
12.0917
12.0917
12.7726
12.7726
12.7726
12.7726
13.2729
12.6006
12.6006
12.6006
12.6006
12.3750
12.3750
12.5873
12.4305
12.4305
12.5058
12.6834
13.2348
13.4915
13.4915
13.4915
14.2405
14.1552
14.1552
13.3617
13.1260
12.0567
12.5777
13.8041
13.8041
13.8041
13.5853
12.3447
12.3447
12.3447
12.7383
11.7743
11.7743
11.1960
11.1960
11.4751
12.1592
10.3814
10.3814
10.3814
10.2447
12.0505
12.1309
12.6109
12.6109
13.1618
13.1618
13.1618
13.1618
14.0407
14.0407
14.0407
14.0407
14.0407
14.0407
14.0407
14.0407
14.0407
14.0407
14.0103
14.0103
14.0103
14.0103
12.9100
12.2508
11.0365
11.2952
10.8459
11.1387
11.1387
11.1387
11.8706
12.2721
12.2543
11.2296
11.2296
9.8621
9.8621
9.8621
10.1410
11.5763
12.0273
12.0273
12.0273
12.0273
12.0273
12.0273
11.4392
11.4392
11.4392
11.6233
11.4988
11.4363
12.1297
12.1297
12.2103
10.1257
9.3589
9.3589
10.4551
11.5645
11.9064
11.9798
11.8352
11.8352
11.8352
12.4772
13.1798
13.1798
13.1798
13.1798
13.1798
12.4345
13.1097
13.1097
13.1097
11.9946
11.9946
11.9946
12.3575
12.0154
12.0154
12.0203
12.4589
11.5734
10.8296
10.6427
10.2587
10.4533
10.4386
9.8971
10.6684
10.2967
10.2967
10.0863
11.1520
9.6376
10.9119
11.6717
11.6717
11.6717
11.1018
11.1018
11.2271
11.2271
10.7435
10.7435
10.7435
10.7120
11.6453
11.6453
11.7389
11.7389
11.7389
11.7389
10.3935
12.6371
12.9482
12.9482
12.9482
12.9482
12.9482
12.9482
12.6952
11.5191
10.8131
10.8131
10.6077
11.6356
11.2596
11.2596
13.0082
13.0082
12.1242
12.1242
12.1242
13.4004
12.5799
12.5799
13.2917
13.7839
13.7839
13.7839
13.7839
13.2577
13.2551
13.5185
13.1037
12.9272
11.7870
12.0961
12.3896
11.7332
11.7332
11.0622
11.0622
10.8416
10.8968
11.2120
11.2120
11.0230
11.0230
11.0230
11.0230
11.0230
10.7007
10.6660
10.6660
11.2495
11.2495
10.9192
11.2644
10.7465
11.2542
11.0785
11.8367
11.8367
11.8367
11.4116
11.4765
11.4765
11.5771
11.5771
11.5910
11.5910
11.5910
8.9582
8.9582
9.5207
9.5207
9.5207
9.5207
9.5207
9.5207
9.5207
9.5207
9.5207
9.5207
9.5207
9.5207
9.5207
9.5207
9.5207
10.9120
10.9120
10.5714
10.5714
10.5714
11.4987
11.4987
11.4987
12.8761
12.8761
12.8761
12.8761
11.7598
11.7598
11.7598
11.7598
9.0744
10.1760
10.1760
10.1760
10.1760
9.6692
9.6692
9.6692
9.6692
10.0164
9.9110
9.7471
9.7471
11.4097
11.4097
11.8847
11.8847
11.8847
11.8847
11.8847
11.8847
11.8847
11.8847
11.0045
10.6524
10.6524
10.6524
10.6524
10.6524
11.8027
11.8027
11.8027
11.8027
11.8027
11.8027
10.5759
10.4463
8.3003
8.3003
9.4552
11.3694
11.3694
12.9474
12.9474
12.8218
11.9796
12.1604
12.7022
13.0516
13.0516
13.0516
13.0516
13.0516
13.0516
13.0516
12.6576
12.4800
13.1709
13.0551
13.0551
13.0551
13.0551
12.6341
12.6341
12.6341
12.6341
12.6341
12.0128
12.0128
12.0128
12.0128
12.0128
12.8478
12.8478
13.1086
13.5988
13.5988
13.5988
13.5988
12.8480
12.8480
12.1735
12.1735
12.9643
12.3654
12.3654
12.3654
12.3654
12.3654
12.3654
12.3654
12.3654
12.3654
12.3654
13.4084
13.2710
13.1085
13.0436
13.0436
13.0436
13.0436
13.0436
13.0436
13.0436
13.0436
13.0436
13.0436
13.0436
13.0436
13.0436
13.0436
13.0436
13.0436
13.5488
13.5488
13.5488
12.4073
12.5498
10.8480
10.8480
10.8480
10.8480
10.9371
12.2285
12.1867
12.2655
13.1521
13.1521
12.8052
13.2834
12.9968
12.9968
12.5296
12.5296
13.3790
13.3790
13.3790
13.3790
13.3790
13.7526
13.7526
13.7526
13.1559
12.9907
12.9907
13.2592
13.2592
13.2592
12.8183
12.2024
12.2024
11.2055
11.4535
12.0813
13.1694
13.1694
13.2625
14.2750
14.2750
14.2750
14.2750
14.2750
13.8733
12.5648
12.5648
12.6750
12.6337
12.5918
12.5918
12.8190
12.8190
12.8190
12.8190
12.8190
11.7999
11.7999
11.7678
11.0990
11.0990
11.3687
11.3687
11.3182
12.5598
12.6730
12.8729
12.3403
11.7321
11.7321
11.7321
11.7321
11.7321
11.7321
11.9671
11.9671
12.4099
12.4099
12.4099
12.4099
12.6239
12.6929
12.3026
12.3026
12.5160
12.5160
12.5160
12.6376
12.6376
12.9258
12.9258
12.9258
13.6967
13.5974
13.5053
13.5053
12.1679
12.1679
12.1985
12.4285
12.4285
11.7773
12.7631
12.7631
12.7631
12.7631
12.7631
12.7631
12.9389
12.2864
12.2864
12.2864
12.0458
12.0458
12.0223
11.7263
11.7263
11.7263
12.4813
12.2730
12.2730
13.5332
14.1654
14.1654
13.9411
13.8237
13.8237
13.8237
13.8761
13.8761
13.2726
13.0701
12.3165
12.5929
12.5929
12.3214
12.7807
12.5091
12.2705
13.0079
13.5376
12.8586
13.0438
12.8423
13.1088
13.1088
13.1088
13.4780
12.3934
12.5359
12.5359
12.5359
12.5359
12.7835
12.7835
12.3232
12.1131
12.1131
12.1131
12.4458
12.5789
11.8501
10.8964
10.6200
10.6200
10.6200
11.1188
11.1188
11.7187
10.8891
10.5952
10.4358
11.1853
11.1853
10.7087
11.1221
11.1221
10.9692
9.8326
9.8326
10.0385
10.0385
10.0385
9.4247
9.8600
9.8600
9.4573
9.4573
9.2713
9.2713
10.5646
10.5646
10.5646
10.5646
10.5646
10.5646
10.5646
10.5646
10.5646
10.5646
10.5646
10.5646
10.5646
10.5646
10.5646
10.5646
10.9667
10.9667
10.9667
10.9667
10.9667
10.1789
10.1789
10.1789
9.7420
10.0883
11.3548
11.3548
11.3548
11.3548
11.3548
10.5843
10.5843
10.3502
10.3502
10.3502
10.3502
10.3502
10.3502
10.3502
10.3502
11.2639
11.2639
11.2639
11.2639
11.2639
11.2639
11.2639
11.2639
10.9979
10.9979
11.0621
11.0621
11.0621
11.0621
10.9004
10.9004
10.9004
10.9004
10.9004
11.2665
11.3677
11.3677
11.3677
10.7345
11.7551
11.7819
11.7819
11.7819
11.7819
11.3168
12.0197
11.6180
11.6180
11.8940
11.8940
11.2363
11.8896
11.8896
11.4784
11.6412
12.2245
12.2245
13.5042
13.5042
13.5042
13.5042
13.4247
13.4247
13.4247
13.4247
14.1098
13.8659
13.8659
13.8659
13.8659
13.8659
13.8659
13.1584
13.1584
11.9869
11.9869
11.9869
12.8837
12.8837
14.4478
14.4478
14.4478
14.4478
14.8117
14.2113
14.2113
14.2113
14.2113
14.2113
14.2113
14.2113
14.2113
13.5754
13.5754
13.0685
13.0685
13.0685
14.3916
14.1166
14.5117
14.5493
14.1414
14.1721
14.3068
13.7302
13.7340
13.7340
13.6890
13.8310
13.8310
14.5194
14.8331
14.7017
14.7017
14.7017
14.7017
14.1756
14.1239
13.7611
14.2779
14.0165
13.5768
12.7796
12.3932
13.4956
13.8060
13.8060
13.8060
13.7578
13.0017
13.0017
13.0017
12.3884
12.3884
12.3884
12.3884
12.3884
10.6882
11.4585
11.3495
11.4927
11.1096
10.8874
10.8874
10.6221
10.6925
11.5257
10.7790
10.8200
11.1237
11.1237
11.1237
9.8214
10.7728
10.7728
11.5526
12.3090
12.1322
12.5711
13.5194
13.5690
12.8727
12.8727
13.0823
13.0823
13.0823
13.7109
13.7109
13.7109
13.7109
13.5482
13.7729
13.7729
13.7729
13.7729
13.4961
13.6007
13.6007
13.6007
13.9079
13.9819
13.9819
13.9819
13.9819
13.9819
13.9819
13.9819
13.9819
13.9819
13.9819
14.2946
14.2946
14.0769
14.0769
13.3611
13.2606
13.4264
12.5253
13.8107
13.8107
13.8107
13.2976
13.9708
13.6879
13.5441
14.0176
14.2516
14.2516
14.1200
14.1200
13.6208
13.8754
13.8754
13.7730
13.7730
13.7730
13.3887
13.5900
13.5900
13.5900
13.5900
14.2728
14.4932
14.7101
14.7101
13.7798
13.7380
13.7380
14.2222
13.9894
13.9894
13.9894
14.3943
13.7396
13.7396
14.0644
13.7829
13.1890
13.1890
13.1890
13.1890
13.1890
13.3185
13.4337
14.4204
14.2217
14.2217
14.3536
13.4739
14.2278
12.9943
12.9943
13.2417
13.8088
13.8088
13.8088
13.5638
13.5638
13.5638
13.5638
13.5638
13.5638
13.2533
12.7481
13.9969
14.0109
14.0867
14.0867
14.0867
14.0867
13.2357
14.0297
13.8464
13.6962
14.4135
14.4135
13.2585
13.2585
13.2585
13.2585
13.2585
13.8784
13.8784
14.2627
14.2627
14.2627
14.2627
14.2627
14.2627
13.1828
13.1828
13.1828
13.1828
13.1828
13.1828
14.0318
14.0318
13.6613
13.6613
14.1146
14.1146
14.1146
13.9238
13.7846
13.1558
13.1558
13.0743
13.0743
13.0743
13.0743
13.0743
13.0743
14.0314
14.0314
14.0823
14.0823
13.9999
13.9999
13.9999
13.9999
13.9999
13.6607
13.6607
13.6607
13.9009
13.9009
13.9009
13.9009
13.9009
13.3755
12.5045
12.3544
13.0861
13.0861
12.0976
12.0976
12.0976
12.0976
12.0976
12.0976
11.9020
11.5640
11.5640
11.0110
11.0847
11.0847
11.5411
10.5525
10.1258
10.1258
10.1258
10.3710
11.4690
11.4690
12.5811
12.5811
13.0496
12.4475
11.8201
11.8201
12.3699
12.3699
12.3699
12.0345
12.0345
12.0345
12.0345
12.0345
12.1114
11.3692
11.3692
11.3692
11.0857
12.0045
12.0045
12.0045
12.0045
12.3177
12.3177
11.3243
11.3243
11.3243
11.3243
11.3243
12.2126
12.8320
12.8320
12.1608
12.1608
11.6104
11.6104
11.8784
11.8784
12.4072
12.4072
10.5876
10.5876
10.5876
10.5876
10.5876
10.5876
10.5876
10.5876
10.5876
9.6993
9.6993
9.6993
9.6993
11.0934
12.1379
12.1379
12.1379
12.1379
12.1379
12.1379
11.8414
11.8414
11.8414
11.8414
11.8414
11.8414
11.8414
11.8414
11.8414
12.5807
12.9614
12.9614
12.9614
12.9614
12.9614
13.0423
13.0423
13.0423
13.9142
13.9142
13.9142
13.7616
13.7616
13.7616
13.7616
13.7616
13.7616
13.7616
13.7616
12.7378
12.7378
13.0703
12.7724
12.7724
12.7724
12.7724
14.3889
14.3889
14.3889
14.3889
14.3889
14.3889
14.3889
14.0959
14.0959
14.0959
14.0959
13.2727
13.2727
13.2727
13.2727
13.2727
13.2727
13.2727
13.2727
13.2727
13.2727
13.2727
13.2727
13.2727
13.5225
14.1528
13.4829
12.9336
11.2008
12.4111
12.6131
12.6920
12.6920
13.6381
13.6190
14.0780
14.0780
14.0780
14.0780
14.0780
14.0534
10.8664
10.8664
10.8664
11.5300
11.5300
9.8771
10.4257
10.2935
10.1925
10.1925
10.6395
12.2913
11.5050
11.5050
12.4084
12.4084
12.5481
12.5481
13.2802
13.2802
13.2864
13.2864
13.2864
13.2864
13.2864
13.2864
14.7033
14.7033
14.7033
14.7033
14.7033
14.7033
14.7033
14.7033
14.7033
14.7033
14.7319
14.6489
14.6489
14.6489
14.6489
14.6489
14.6489
14.1879
14.1879
14.1879
14.1879
13.3779
13.7124
13.5657
13.3344
12.6846
12.5128
12.5128
13.5521
13.5521
12.5592
12.5592
12.5592
12.5592
12.5592
12.5592
12.5592
12.5592
12.5592
12.5592
12.5592
12.5592
12.5592
12.3008
12.4203
12.0519
12.0519
12.0519
11.5674
11.8332
11.8332
11.4172
10.9042
11.6033
11.6033
11.6033
11.6033
11.6033
11.6033
11.4079
11.4079
11.4079
12.4198
12.4198
12.4198
13.0524
13.0524
13.0524
13.4666
13.4666
13.4666
13.3276
13.3276
13.5130
12.6519
12.6519
12.8632
12.8632
12.8632
12.7062
12.7062
13.1154
13.1019
13.1019
13.1019
13.1019
13.1019
13.1019
13.1019
13.1019
13.1019
13.1019
13.1019
13.1019
13.1019
12.8816
10.9866
11.0043
11.0043
10.3604
10.3604
10.1930
11.4157
11.5957
11.5957
12.6491
12.6491
12.9505
12.9505
12.9505
13.0639
11.9712
11.9712
12.1483
12.3976
12.3976
12.3976
12.3976
12.3976
12.3976
12.9722
12.9722
12.9722
12.9722
12.9722
12.9722
12.7409
12.7409
12.7409
12.3415
13.1097
13.3897
12.8409
12.8409
12.8409
12.9764
13.5551
12.9652
12.9652
12.9652
13.0991
12.2081
11.6570
11.6570
10.4219
12.2938
12.2938
12.2938
12.2938
12.2938
13.5228
13.5228
13.9327
13.9327
13.8818
13.8818
13.8818
13.4194
13.9252
13.9252
13.9252
13.9252
11.6591
12.1719
12.1719
12.2160
12.2160
12.2160
12.2160
12.2160
12.2160
12.2160
12.2160
12.2160
12.2160
12.2160
12.2160
12.2160
12.2160
12.5105
14.3667
14.3667
14.3667
14.3667
14.1695
13.6937
13.6693
14.0024
14.0024
13.8719
13.8719
13.8719
13.4824
14.1290
14.1290
14.0903
14.0903
14.0903
14.0743
14.0099
14.0099
13.8344
13.8344
14.0723
14.0723
14.0723
14.0723
14.0723
14.0723
14.5962
13.8830
13.8830
13.8830
13.2940
13.2940
13.2940
13.2940
13.2940
13.2940
12.9758
12.2020
11.9168
11.6944
11.6961
11.1066
11.1813
11.1813
11.1813
11.2982
12.4127
12.4127
11.4722
11.1106
10.8345
11.4211
11.4211
11.4211
11.4211
11.4211
11.4211
11.4210
11.0691
10.9173
11.3315
11.3315
12.7028
12.7773
12.5952
12.0346
12.0998
12.3926
12.3926
12.3152
12.3152
12.4631
12.4631
12.9220
13.2204
12.9968
13.0414
13.0414
13.0414
13.6267
13.6267
13.6267
14.0320
14.0320
14.0320
14.0320
14.0320
13.3673
13.9410
13.1343
11.1879
11.1879
11.2725
11.2725
12.6055
13.6577
14.4359
14.4359
13.9763
12.9431
12.3723
12.6471
12.6471
13.0788
13.0788
13.0788
13.0788
13.0788
11.7434
11.7434
11.8134
12.4982
12.4982
12.4982
12.9932
12.9932
12.9932
12.9932
13.0299
13.0299
13.0299
12.5555
12.5555
12.5555
11.9621
12.7001
12.7001
12.7001
12.6073
12.6073
12.6073
12.6073
12.6073
13.3131
12.5896
11.7440
11.7440
11.7440
11.7440
11.7440
11.7440
11.7440
11.6243
11.6243
12.2694
12.2694
13.2031
13.2031
13.2031
13.8113
13.8113
13.8113
13.9575
13.9575
13.9575
12.9797
12.9797
13.7616
13.6008
13.6241
13.1483
12.1563
12.5237
12.5237
12.8768
11.9992
11.9992
11.9434
11.1668
11.1668
11.8828
11.6093
12.0789
12.1721
11.3198
11.3198
11.3198
11.3198
10.7456
10.1775
11.3196
10.9016
10.9269
10.4733
11.5047
11.3398
11.3398
11.1232
11.4424
11.5433
11.5433
12.8946
12.8946
12.8946
12.8946
12.8946
12.8946
12.8946
13.0095
13.0095
13.0095
13.0095
13.0095
13.0095
13.0095
12.4757
12.4757
12.4828
12.4828
11.5155
12.3734
12.3194
12.3194
12.3194
12.3463
12.1278
12.3363
12.3363
12.3363
11.5642
12.0828
12.7568
11.3789
11.3789
11.8107
13.3596
13.3777
13.3777
13.5970
13.5970
13.5970
13.5970
13.5970
13.5970
13.5970
13.5970
13.5970
12.9200
12.9200
12.9200
12.9200
12.9200
13.3147
13.3147
13.3147
13.3147
13.3147
13.3147
13.3147
13.3147
13.6411
13.8540
13.8540
13.8540
13.3338
13.3338
13.2734
13.7200
12.7748
12.7748
12.7748
12.7783
13.4812
11.6246
11.9876
12.2091
12.2091
12.2091
11.8128
11.8128
12.4257
12.4257
12.8663
12.8663
12.8663
12.8405
11.5698
11.5698
11.8470
11.8470
11.8470
12.1243
11.9341
11.9341
11.9341
11.9341
11.9341
10.8871
10.8871
10.6639
11.1204
10.7839
10.7839
10.7839
12.6061
12.6061
13.7748
13.1218
12.2096
11.5248
11.5248
11.5248
11.5248
11.5248
11.5248
11.5248
11.5248
11.5248
11.5248
11.5248
11.5248
11.5248
12.0899
12.0899
12.0899
12.0899
12.0899
12.0899
12.0899
12.0899
13.6500
13.6500
13.6360
12.4356
12.0349
12.0349
12.0349
13.1442
13.1442
12.3645
13.1709
13.1709
13.1709
13.1709
13.1709
13.3525
13.3525
13.0974
13.0974
13.9003
14.1431
14.2008
14.2008
14.2008
14.2008
14.2008
14.2008
14.3327
14.3327
14.3327
14.4218
14.4218
14.4017
14.1170
14.1541
14.5042
14.0307
14.0307
13.2439
12.7512
12.7512
12.7512
12.7512
13.0740
12.8435
12.8435
12.8435
13.0869
13.0869
13.0869
12.1234
13.4661
13.4661
13.4661
12.9177
13.7788
13.4673
13.7477
13.7477
13.9346
13.9346
13.9346
13.9346
13.9346
13.9346
13.9346
13.9346
13.9346
13.9346
13.3162
13.3162
13.3162
13.3162
13.3162
13.3162
12.9119
12.9421
13.7106
13.7106
13.7106
13.7106
13.4908
13.4908
13.4908
13.1880
13.3052
12.9879
13.1368
13.2698
13.2698
12.3758
12.3758
12.3758
12.3758
11.8915
11.3838
10.7824
13.1526
13.1526
13.1526
13.1526
13.1526
13.1526
13.1526
13.1410
13.1410
13.1410
13.0054
13.0054
13.1957
13.1957
13.1957
13.1957
13.1957
13.1957
13.1957
13.1957
13.8871
13.8871
13.8871
13.8871
13.1488
13.1488
13.1488
12.6291
12.6291
12.6291
12.6291
12.6291
12.6291
12.6291
12.6291
12.6291
12.6291
12.1801
12.1801
12.1801
12.5190
12.5190
12.5190
12.5190
12.5190
12.5190
12.0381
12.0381
12.0381
11.3052
11.3052
11.1627
11.1627
11.1263
10.8929
10.7386
10.7386
11.5428
12.1082
13.0255
13.0255
13.0255
13.0255
12.8803
13.0799
12.6936
12.6057
12.6057
12.6057
11.8817
11.8817
11.8817
11.8817
12.0312
12.0312
12.0312
11.7660
10.5704
11.3791
11.3791
11.3791
11.3791
11.3791
11.3791
11.3791
11.3791
11.3791
11.3791
11.3791
11.8577
11.8577
11.8577
11.8577
11.8577
11.8577
11.8577
11.8577
11.8577
11.8577
11.8577
11.8577
11.8577
11.8577
12.7843
13.0826
13.0826
13.0826
13.0826
13.0826
13.0826
13.0826
13.0826
13.0826
13.0826
13.0826
11.2873
12.1779
11.9552
11.8482
11.6786
12.0100
11.5568
11.5568
11.9930
12.4008
12.4008
11.6173
11.6173
11.6173
11.6173
12.4779
12.4779
12.4779
12.4779
12.4779
12.4779
12.4779
12.4779
12.8418
13.0076
12.9961
12.0809
12.0809
12.6205
12.6205
11.6648
13.0799
13.0799
11.5681
11.5681
11.7043
10.5214
11.2281
11.2281
12.4794
12.4794
12.9025
12.9025
13.0559
13.0559
13.0559
11.8555
12.0243
12.0243
12.0243
12.0243
11.5156
11.5156
11.5156
11.5156
11.5947
11.5947
12.4344
12.4344
12.6360
13.2909
13.2909
13.2909
13.8383
13.8383
13.8383
13.8383
13.8383
13.8383
13.2321
13.2321
12.9180
12.4161
12.8760
12.8760
12.8760
12.7165
12.9307
12.9307
12.9307
12.9307
12.6576
10.9702
10.9702
10.9702
12.0641
12.5631
12.5631
12.2664
12.1497
12.4654
12.4654
12.4654
12.2024
12.4547
13.0086
13.0086
13.0086
13.1650
12.2724
12.2724
12.0461
11.7588
11.7588
11.8258
12.0583
12.0583
12.0583
12.0583
12.0583
12.0583
12.0583
11.6701
11.6701
11.6701
11.0832
11.6093
11.1997
12.0993
11.9688
11.7722
11.7722
11.7722
11.0245
10.5895
11.1841
11.8465
11.7193
11.9871
11.9871
11.9871
11.9871
12.1887
12.6015
12.6024
13.3380
13.3380
13.5299
13.3172
13.3021
13.0365
13.0365
13.0297
13.2809
12.9860
12.6682
13.1533
13.1533
13.4053
13.4153
13.2610
12.0732
12.1527
11.6888
12.5012
12.5012
12.8632
12.8632
13.0005
13.0005
13.4059
13.4059
13.8344
14.2658
14.2589
14.2589
14.2158
13.8714
13.8714
13.8714
13.8714
13.9434
13.9434
13.9434
13.3139
13.5181
12.9266
12.2010
12.2010
11.7320
11.2877
11.8657
11.8657
11.8657
11.9958
12.2839
12.2839
12.2839
12.2839
13.1508
13.1508
12.3342
12.3342
12.6769
12.8218
12.8218
11.9557
11.9557
12.4898
12.8148
12.9701
12.9701
12.9701
12.9701
12.9701
12.6764
12.6764
13.2856
13.2856
13.7553
13.9079
13.9079
13.9079
13.9079
12.2515
12.3704
11.6885
11.6885
13.1257
13.3258
13.0310
13.0310
13.4596
13.4596
13.4596
13.5207
13.5207
13.6130
12.4091
12.4091
12.5064
12.5064
11.9018
11.9018
11.5666
11.5666
12.4319
13.2733
13.9002
14.1797
14.3179
14.3179
13.7625
13.7625
13.7625
12.6072
12.6072
12.8112
12.7822
12.8048
13.1580
13.7932
13.6390
13.7064
13.4328
13.2692
13.7412
14.1332
14.0614
14.0614
13.9685
13.4947
13.4947
13.4947
13.9526
13.9041
12.9958
13.0430
12.7441
12.7441
12.5727
12.5727
12.0992
12.9682
12.9682
12.5804
12.5804
12.6565
12.5754
12.0957
12.7658
11.3775
11.3775
11.3775
12.1045
12.1045
12.1045
12.1045
12.1045
12.1045
12.2986
12.4101
12.4101
12.4101
12.4101
12.4101
12.7071
12.7071
12.3496
12.3496
12.3496
13.0340
13.0340
13.0340
13.0340
13.0340
12.2571
11.7714
11.7714
12.0002
12.0524
11.4812
11.4812
11.4812
11.5308
11.5308
11.5308
11.2339
11.2339
10.9599
11.1555
11.1555
11.5679
11.5679
11.0854
11.5623
11.6137
10.9051
11.8570
11.8514
13.0397
12.9661
11.4541
11.4541
12.1258
12.1258
12.5389
12.5389
12.3910
11.9554
11.9554
12.6288
12.9535
12.5269
12.5269
13.2750
13.2750
11.7606
13.0245
11.8903
11.5563
12.1792
12.7089
12.7089
12.0196
12.2318
11.7377
11.7377
11.7377
11.7377
12.3987
11.6914
11.3605
10.5872
10.8627
10.7823
11.2931
10.9632
10.9632
10.2310
11.3632
11.3632
11.3632
11.3632
11.3632
10.1330
10.0063
10.0034
10.0034
10.0355
9.9596
9.9596
9.9596
9.9596
9.9028
10.3145
10.3145
10.3145
10.3969
10.3969
10.3969
9.5527
9.5527
8.5997
9.4872
9.4872
9.4872
9.0163
9.0163
9.9941
10.9618
10.8281
10.7502
10.1577
10.1577
8.8051
8.8950
8.8950
10.2936
10.2936
10.4072
10.4072
11.6417
11.6417
11.6417
11.8292
11.8292
12.1674
12.1674
12.2686
12.2686
12.0121
12.0121
11.6679
11.6679
11.6679
11.6679
11.6679
11.6679
12.6316
12.6316
11.3972
11.3972
11.1900
11.4470
11.3343
10.7451
10.7451
10.6302
10.3259
9.9966
10.2097
10.1909
10.1909
10.1909
9.8191
10.1573
11.2706
11.3395
10.8960
10.0376
10.0376
10.4590
10.4451
10.1005
11.3932
11.3932
10.1910
9.9788
10.3591
10.5160
10.8851
10.8919
10.8919
10.8919
10.8919
11.5832
10.5199
10.5199
10.5199
10.5199
10.5199
11.0568
10.3397
11.2093
11.5911
11.3954
11.3954
11.9154
12.0953
11.6269
9.8189
10.3077
10.8144
11.3355
10.4151
11.6628
11.9132
11.0108
11.5599
13.6166
12.1817
12.7827
12.7827
12.7827
12.5919
12.5919
12.5919
12.5919
12.5919
12.5919
12.5919
12.7873
12.7873
12.9651
12.9651
12.9651
13.0437
13.0437
13.0437
13.0437
13.0437
12.6953
12.7824
12.7824
12.7824
12.7824
12.9566
13.6054
13.8903
13.8903
13.7264
12.9093
12.5699
12.4358
13.1563
13.6055
13.6055
13.2141
13.2141
13.2141
13.2141
13.7623
13.7623
13.7623
13.6901
13.2013
13.2013
13.8785
13.8785
14.2171
13.9455
13.7968
13.9287
13.9729
14.2461
13.5780
13.5699
12.5617
12.0896
11.7373
11.6357
12.4880
12.4880
12.2682
12.2682
12.2682
12.2682
12.3324
12.5881
13.0068
11.9065
11.8439
12.6835
12.9000
12.9000
12.6700
12.6666
12.6666
11.8138
11.6342
11.6342
12.4271
12.4271
13.2678
13.4631
12.8328
12.6787
12.4787
10.8965
10.4385
12.4138
12.4138
13.0191
13.0387
13.2469
13.7513
13.7513
13.6133
13.5178
13.5178
12.6830
13.0653
12.5275
12.7494
12.7494
12.3173
12.2633
13.3221
13.3221
13.3221
13.5946
14.4820
14.4820
14.0124
14.0124
14.0124
13.6477
13.4644
12.2071
12.6780
12.6780
11.7413
12.3460
11.4724
12.8938
12.6688
12.6688
12.6630
12.6630
13.6529
13.9626
14.2688
14.2688
14.2688
14.2688
14.3981
14.3981
14.3981
14.3981
12.4221
12.4221
13.5453
13.5453
13.5453
13.5453
13.5453
13.5453
13.5453
13.5453
13.5453
13.5453
13.5453
13.5453
13.3283
11.6018
11.3833
11.3833
11.2979
11.2979
11.2979
11.3785
11.3785
11.3785
11.4715
11.4715
12.7033
12.5686
13.3344
13.2027
13.2027
13.3326
13.3534
13.3162
13.2785
13.7737
13.6628
13.9492
14.0577
13.6915
13.7751
14.4686
14.2510
14.2510
13.9152
13.7874
13.3357
12.3843
11.0650
11.0650
11.0650
10.0070
10.9476
11.5562
11.5562
11.5562
11.9054
13.1431
13.5810
13.7605
13.3616
13.3616
12.1133
13.3156
13.8267
14.0642
13.7314
13.4424
13.8091
13.8091
13.9535
13.1777
12.2638
12.2638
11.0960
11.0960
11.0960
12.7233
12.7233
12.9136
12.9136
13.1755
13.1755
13.4555
13.4555
13.4555
14.0979
14.0052
14.1543
13.4974
13.4974
13.3081
12.7717
12.7717
12.7717
13.3221
13.1370
12.7780
12.9163
12.9163
11.4666
11.6516
12.5763
12.5763
12.9278
12.9278
12.9278
12.2666
12.2666
12.2666
13.1263
13.1263
14.4222
14.4222
14.4222
13.8257
13.7123
13.6814
13.5441
13.7276
13.3296
13.3296
12.9839
12.9765
12.8477
13.2291
13.2291
12.8168
12.6135
12.2867
12.2581
11.4228
10.9490
10.9490
10.5141
10.5141
10.5141
9.8746
9.8746
10.5090
11.1412
12.0747
12.0747
11.7246
11.7246
11.9023
11.9023
11.5918
11.9776
11.9776
12.7098
12.8368
13.0958
12.5638
12.5638
13.2877
12.5543
13.3365
13.5593
13.5593
12.5305
12.5305
12.3563
11.8091
11.8091
11.8091
12.3339
12.8713
13.0679
13.0679
13.0679
13.0679
12.4673
12.4673
12.4673
12.4673
12.4673
12.4673
12.4673
12.4487
12.4563
12.3518
12.8682
13.5775
13.3887
13.1989
13.1989
12.7137
12.7137
12.7137
12.4220
12.8242
12.5035
12.9817
12.9817
12.9817
12.2343
12.2343
11.4198
11.1152
11.1055
10.6841
10.8551
11.0453
11.0453
11.0453
11.0453
11.9217
12.3250
12.1993
11.7056
11.5580
11.1584
10.0416
10.2768
10.6137
10.9868
11.6228
11.6228
11.6228
11.6228
12.0389
12.0389
12.0389
12.0389
12.0389
12.0389
11.9681
12.0661
12.0661
12.1264
12.1450
11.9746
12.4369
12.4369
12.4369
12.0820
10.7074
11.4331
11.6114
11.2588
11.0745
11.4819
11.4819
11.7198
12.1594
12.5365
12.8902
12.8902
13.4784
13.4784
13.4784
13.1061
13.1061
13.5461
13.4745
13.4745
13.4745
13.4745
13.4745
13.4745
12.7366
12.7300
13.6849
13.6849
13.6849
13.6849
13.6849
12.9741
12.9741
12.9741
13.8339
13.8339
13.8339
13.7505
13.7505
13.7505
13.8436
13.8436
13.8436
13.8436
13.7007
13.7007
11.9849
11.9113
11.9113
11.7826
11.8723
12.2271
12.2271
12.2271
12.9616
13.0764
13.0764
13.0764
13.7334
13.7334
13.7334
13.7334
13.5543
13.5543
12.6230
13.0505
13.0505
13.0505
13.0505
12.4850
12.4850
12.4850
12.4850
12.4850
11.8085
11.8085
11.8085
11.3742
11.4175
11.5518
12.8571
13.4564
13.4737
13.4737
13.4737
13.4737
13.4737
13.4737
13.2963
13.2288
12.8876
12.8876
12.8876
12.8876
12.8876
12.7795
12.7795
12.7005
11.9071
12.8249
12.8249
12.6728
12.6728
12.6728
12.6728
13.6888
13.8025
13.8025
13.9495
13.9495
13.9495
13.9495
13.9495
13.9495
13.9495
13.9495
13.9495
13.9495
13.9891
13.9891
13.2887
13.7440
13.3770
13.3770
13.5478
13.4327
13.5677
13.6547
14.1245
13.2273
13.2273
13.9128
13.7336
13.0953
13.0953
13.0953
13.1720
13.7026
13.7026
13.7026
12.8949
12.6699
12.1349
11.7029
12.5347
12.9485
13.0863
13.0863
13.0863
13.0863
13.0863
13.0863
13.4704
13.4704
12.6563
12.6563
12.6563
12.6563
12.7780
12.7780
12.2871
12.3756
12.8702
13.1658
13.1658
13.1658
13.1658
13.3315
13.3315
13.3315
13.3315
13.3315
13.3315
13.3315
13.3369
12.5025
12.9814
12.8558
10.9547
10.9547
10.6204
10.9363
10.9363
10.5214
10.5214
10.1694
10.1694
9.4640
9.4640
9.4640
9.4640
9.4640
10.1915
10.1915
10.1915
10.1915
10.9919
10.7227
10.2674
9.9047
10.0207
11.6000
11.6000
11.6000
11.6000
11.6000
10.7602
11.0133
11.0133
11.0574
11.0574
11.1487
11.1487
11.1487
10.8033
11.3896
11.3896
11.3771
10.5492
9.9126
9.9126
9.7165
10.1649
10.1649
10.1649
11.8967
11.8967
12.7165
13.1004
13.1004
13.2459
13.2459
13.3078
13.9178
13.9178
14.1822
14.0722
13.4522
13.4522
13.2307
13.0378
12.9883
12.9883
12.9883
13.3135
13.3135
13.3135
13.5098
13.5098
13.4169
13.4169
13.5213
13.3527
12.4212
12.3637
12.0079
12.5984
12.4572
12.4572
12.4572
13.0589
13.0863
13.0863
12.5567
12.5567
11.5758
12.5945
12.6741
12.6741
11.8312
11.8312
11.9795
11.9795
11.9795
11.9795
10.5974
10.4656
10.6871
10.7926
11.2056
11.2056
11.2056
10.3081
11.6973
11.6973
11.6973
11.6973
11.6973
11.4739
10.3913
10.9766
11.1300
11.1300
12.6466
12.9663
12.6917
12.0869
10.2810
10.2810
10.2810
8.8382
8.8382
7.7000
7.3859
7.3859
5.6706
5.5255
5.4141
5.7357
7.1233
7.1233
7.1233
7.1233
7.1233
7.1233
7.1233
8.3726
8.9776
8.9776
10.1505
10.1505
10.1505
10.1505
9.9842
9.9842
10.9218
10.9218
11.0348
11.0348
11.0348
11.0348
10.3242
10.3242
11.2147
11.2147
11.2147
11.2147
11.2147
11.2147
12.4185
11.9644
12.4755
11.1926
11.5199
11.5639
12.9019
12.2162
12.9179
12.9997
12.9997
12.6065
12.3326
12.3326
12.5394
12.5394
12.5394
12.5394
12.7026
12.7026
12.7026
12.7026
12.7615
12.9835
12.8199
12.8507
12.8507
12.5254
12.4669
12.5192
12.3449
12.6358
13.4582
13.4582
13.4582
13.4582
13.0532
13.2821
13.2821
13.4761
13.4761
13.1831
12.5029
12.6142
13.2754
13.2532
12.6684
12.5920
12.5920
12.5009
12.2019
12.0583
11.8617
11.2070
11.6047
11.0793
10.5606
10.6538
11.9964
11.9964
11.9964
11.9964
10.8764
10.8764
11.0721
11.9049
12.3107
12.3107
12.3107
12.3107
13.4908
13.4908
13.4908
13.7876
13.7876
13.7876
13.7876
13.9791
13.8631
13.8631
13.8631
13.8631
13.8631
13.8631
13.8631
9.7574
9.2266
9.0902
9.0268
9.0268
7.0429
7.6618
7.6618
7.4213
7.2511
8.6098
8.6098
12.1524
13.5866
13.5866
13.5866
13.5866
13.5866
13.5866
13.5866
13.5866
13.7996
13.7996
13.7996
13.7996
13.7996
13.7996
13.7996
13.7996
13.7996
13.7996
13.7996
13.7996
13.7996
13.7996
13.7996
13.7996
13.7996
13.7996
13.7996
13.7996
13.7996
13.7996
13.7996
13.7996
13.7996
13.9048
13.9048
13.9048
13.9048
13.9048
13.9048
13.9048
12.9978
12.9978
12.9978
12.9978
12.9978
12.9978
12.9978
12.9978
10.3370
10.9320
12.3676
12.2757
12.4273
12.6331
12.5134
11.6571
11.6571
11.6571
11.6571
11.6571
11.6571
11.6571
11.6571
11.6571
11.6571
11.6571
12.0227
12.0227
11.4629
10.5902
10.5902
10.5902
10.5902
10.6465
10.6465
10.6465
10.6957
10.6957
10.6957
11.3551
11.3551
11.3551
12.4739
12.4739
11.5061
12.6017
12.6017
12.6017
11.0193
11.0108
11.0108
11.0108
10.4738
10.4738
10.1631
10.7652
10.4617
11.2131
10.6461
10.6461
11.2519
12.0776
11.7133
12.8875
12.8875
11.7912
11.3910
10.9588
10.0166
11.5432
11.8708
12.1227
11.4150
11.1572
11.6366
12.6938
12.6938
12.4377
12.4377
12.4377
12.4472
12.4472
11.8040
10.6689
10.6689
10.6689
10.6689
10.6689
10.6689
10.6689
10.6689
10.5911
10.0668
10.0564
10.0564
10.0564
10.0564
10.0564
10.7657
10.7657
10.7657
10.7657
10.7657
10.7657
9.7553
9.7553
9.7553
9.7553
11.0129
13.0374
13.0374
12.8988
12.2573
11.4549
11.4549
10.6071
10.6071
11.0968
10.7930
10.7930
10.7930
12.0303
12.4647
12.4647
12.7905
11.7413
13.6668
12.7887
12.7887
12.7887
13.4650
13.1697
13.3400
12.6140
12.6140
13.4920
13.4711
13.9387
13.9387
13.9387
14.1075
14.1075
14.1075
13.8843
13.8843
13.4737
13.4737
14.2924
14.2924
14.1823
13.1724
13.1724
13.1724
13.7036
13.4061
13.4061
13.4061
13.0805
13.0805
13.8647
13.8647
14.2011
14.2011
14.2011
14.2011
14.2011
14.2011
14.2011
13.7575
13.3207
13.3207
12.3331
12.3862
11.5767
10.4717
9.6484
9.6484
9.6484
9.8583
9.8583
9.8583
8.4666
7.4453
9.1912
8.8125
8.8125
8.8125
8.8125
8.8125
10.1914
9.6608
11.3034
11.0088
11.2195
11.2195
11.2195
11.2195
11.2195
11.4906
11.3580
11.3580
11.6144
11.6144
11.3990
12.0352
12.6240
12.8568
13.1368
11.4492
11.2724
10.5815
9.9754
10.5794
11.1720
11.2065
10.2757
10.2757
10.2757
10.2757
10.2757
10.2757
11.1150
11.1150
12.5080
12.5181
12.5623
12.5623
12.8283
12.8283
12.8283
12.8283
12.8283
12.1773
12.1773
12.9022
13.3296
13.3296
12.9415
12.9415
12.9415
13.5148
13.5148
12.7618
12.7618
12.5579
12.6266
12.6266
12.6266
12.6266
12.3875
12.3875
12.9097
12.9097
12.9097
12.9097
12.9097
12.9097
12.9097
12.1292
13.0677
13.0677
13.0677
12.7317
12.1390
12.1390
12.5504
13.0714
12.4206
12.5573
12.5573
11.8548
11.8548
12.2335
12.2335
12.5531
13.3434
12.7428
12.0113
12.0113
12.0113
12.0113
12.0113
11.7759
12.0176
12.0176
12.0176
11.6096
11.5366
11.8970
11.8970
11.8970
11.5645
10.7288
12.2619
12.9990
12.8576
13.0455
13.4240
13.4240
12.9005
13.4309
12.7005
12.9599
13.0040
12.9999
13.2545
12.7013
12.1391
10.8407
11.6206
10.4327
10.4327
10.4056
10.4056
11.6416
11.6416
11.6416
11.6414
11.6414
11.6414
11.4315
11.4315
12.0721
12.1794
12.5980
11.8211
11.8211
12.6140
12.6140
12.4631
13.1278
13.5037
12.8133
12.8133
12.3508
12.3508
12.0603
13.6402
13.9476
13.9476
14.0855
14.0855
14.4118
14.4118
14.4118
14.4118
14.4118
14.4207
14.4207
14.4207
14.4207
13.9342
14.1359
14.3713
14.3425
13.4847
13.4776
13.8805
13.8805
13.8805
14.0062
13.4977
13.4977
13.3241
13.3241
13.3241
13.7844
13.3575
12.4042
10.7203
8.7807
10.6901
11.2557
11.2557
11.2843
11.9406
11.9406
11.9406
12.1223
12.1223
12.1223
11.9151
11.8609
11.8609
11.8609
11.8609
12.4406
12.4406
13.4446
13.4967
13.4967
13.4967
13.2993
13.6163
13.6163
13.6163
13.6163
13.6163
13.6163
13.6163
13.7854
13.7854
13.7854
12.4765
12.4765
12.4765
12.0551
12.1626
13.5323
13.2381
13.2730
13.2730
11.7065
11.7065
12.2290
12.2290
12.2290
12.2290
11.0284
10.2647
10.2647
10.2647
10.2647
8.8441
9.4890
9.4890
9.4890
9.4890
9.4890
11.0411
11.0411
12.4190
12.7645
12.7645
12.7645
12.7645
12.7645
12.7645
12.7645
12.7645
12.7645
12.7645
12.7645
12.7645
12.7645
12.7645
12.7645
12.7645
12.7645
12.1516
12.1516
13.0038
13.0038
11.9916
11.9916
11.9916
11.9916
11.9916
11.9916
11.2338
12.6472
12.6472
13.1958
13.1958
12.9139
12.9139
12.9139
12.9139
12.9139
12.9139
12.9139
12.5750
11.6898
11.4150
11.4150
11.1926
11.5193
12.4166
13.0052
13.4270
13.9458
13.9458
13.9458
13.9458
13.9458
13.9458
14.4521
14.4521
14.2702
13.5475
13.5475
13.5475
13.5475
13.5475
13.5475
13.6310
13.5558
13.5558
13.7606
14.0348
14.1505
14.4635
14.1240
14.0078
13.9108
13.9108
13.9046
13.9046
13.9046
13.9046
13.9046
13.9046
13.9046
13.8696
14.0886
13.8783
13.8783
13.1493
13.3180
13.3780
13.7627
14.3289
14.3289
14.3289
13.7789
13.7920
13.7920
14.2370
14.2370
14.8067
14.8067
14.4079
14.4079
14.6848
14.3742
14.3742
14.1408
14.1408
13.6132
13.4494
13.4494
13.9199
13.9199
13.9199
13.9199
13.9199
14.1842
14.1842
14.1842
14.1842
14.1842
14.1842
13.9452
13.7333
13.7333
13.7333
12.5024
12.5024
12.5024
12.5024
12.5024
12.5024
12.5660
11.9262
11.9262
12.9153
12.9153
13.6785
13.6785
14.2651
13.7353
13.7669
13.2043
13.2043
13.0652
13.0652
13.0270
13.0270
13.0270
13.0270
13.0270
13.6784
13.6784
13.6784
13.9617
13.4509
13.4509
13.4509
13.4509
13.3875
14.0127
14.0127
13.9580
13.3689
13.3689
13.3689
13.3689
13.3689
13.3689
13.7924
13.3758
13.9906
13.7376
13.7376
13.2142
12.9974
12.2517
11.9112
11.6671
11.4377
12.1059
11.8174
11.8174
11.5709
11.5709
11.3594
11.9688
11.1405
12.5567
11.4141
11.4141
11.4141
11.4141
11.4141
11.7373
11.7373
11.7373
10.8637
12.2897
12.2897
12.2897
12.2190
12.2190
12.2190
11.4582
12.4376
12.4376
12.4376
12.4376
12.2606
12.9737
13.2621
13.0403
13.1664
13.1664
13.1664
13.1664
12.8375
12.8375
12.8375
12.8375
12.8375
12.3256
12.3256
12.3256
12.3256
12.3256
12.3256
12.9031
13.6411
13.6824
14.0023
14.0723
14.0723
14.0723
14.0723
14.0514
14.0514
12.6660
12.6660
12.1216
12.1216
12.1216
12.3889
13.8012
13.2008
13.2008
13.2008
12.8126
12.8126
13.8758
13.8758
13.8758
13.8758
13.8758
14.0716
14.0716
14.0716
14.0716
14.0716
14.0716
14.0716
14.0716
14.0716
14.0716
13.5719
13.5719
13.5719
13.8948
13.9779
13.7654
14.4791
14.4791
13.7159
13.3802
13.3989
13.3989
13.7421
13.7742
13.7742
11.8892
13.0291
12.0692
11.5671
11.5671
11.5671
12.0442
12.0765
12.8878
13.2451
13.2451
13.9350
14.3516
14.2446
13.9357
14.0154
14.3767
13.9332
13.9332
13.9332
13.9332
13.4782
13.6148
13.6148
13.6148
12.9694
12.9694
11.5267
11.5267
11.5267
11.5267
11.5267
11.5267
11.5267
11.5267
11.5267
11.5267
11.6392
11.3042
13.1701
13.7666
13.7666
13.7666
13.5417
13.2764
13.2764
12.4155
12.7324
12.7252
12.7252
12.7252
12.7252
12.7252
13.6309
13.2089
13.2089
13.2089
13.2089
13.2089
13.2089
13.6566
13.7801
13.1946
12.8981
12.8981
12.4815
12.4815
12.3509
11.3284
11.3284
11.4648
11.4648
11.4648
11.4648
11.4739
11.4739
11.4739
11.4739
11.4739
11.4739
11.4739
11.4739
12.1901
12.1806
12.1806
12.1806
12.1806
12.1806
12.1806
12.1806
12.1806
12.1806
12.1806
12.1806
12.1806
12.1806
12.1806
12.1806
12.1806
12.0494
12.0494
12.0324
11.9654
11.9654
12.0646
12.9021
12.1740
11.9298
11.8038
11.3165
11.2086
11.2086
11.9440
11.9440
11.7004
12.1109
12.3633
12.3633
12.3633
13.1442
13.1442
13.1442
13.1442
13.1442
13.1442
13.1442
13.6867
13.4385
13.4385
13.6236
13.6236
13.6236
13.8778
13.8778
13.8778
13.8778
13.8778
13.8778
13.8778
13.8778
13.8778
13.8778
13.8778
13.7201
13.7201
13.9880
13.9880
13.8594
13.8594
13.9022
13.9022
13.9022
13.9022
13.9022
13.6282
13.6282
13.6282
14.2306
14.1907
14.1907
13.7118
13.7118
13.7118
13.7118
13.4795
13.4795
13.1551
13.1551
13.1551
13.1551
13.1551
13.1551
12.5158
12.5158
13.1312
12.6136
12.4609
11.4055
11.4055
11.4055
12.3204
12.3204
12.3204
12.0693
11.1542
11.4151
11.0292
11.0292
11.0292
11.1383
11.1383
11.1383
10.9966
10.9966
11.4910
12.7365
12.7233
11.7200
11.7200
11.7517
12.8535
12.8535
12.8535
12.8535
12.8482
13.1378
12.7422
12.1053
12.1053
12.3256
12.0624
12.1743
12.3935
12.4635
12.9519
12.9519
12.9519
12.9519
12.9519
13.4168
13.4168
13.4168
13.4168
13.4168
13.4168
13.4168
13.4168
13.4168
13.4168
13.4168
13.0420
12.1820
11.6497
11.8405
12.3478
12.3478
13.0553
12.6785
12.6180
12.5397
12.5397
12.5397
11.7883
13.3470
12.9725
12.9725
12.9725
12.9725
12.9725
12.9725
12.9725
12.5767
13.0497
13.1780
13.1780
13.1780
13.1780
13.1780
13.1780
13.1780
13.6109
13.5210
14.0449
14.0449
14.0449
13.6245
13.4710
13.3957
13.6225
13.6937
13.6937
13.6937
13.9762
13.8919
13.8919
13.8919
13.8919
13.5642
13.5642
13.3171
13.3171
13.6745
13.6745
13.9029
13.9029
13.5751
13.5751
13.3470
13.3470
12.6553
12.2748
12.3417
10.0088
9.8930
9.2871
9.2871
10.3285
10.3285
10.3285
10.3285
10.3285
10.3285
9.8801
9.8801
9.8801
9.8801
9.8801
9.8801
9.8801
9.6255
11.3373
11.1012
11.3810
10.7342
10.7617
9.7291
9.7291
9.7291
9.6607
10.0665
10.0665
10.0665
10.9512
11.7350
12.1887
12.2858
12.2858
12.2494
12.2490
11.9473
10.7100
10.8717
10.8717
9.4082
9.4082
9.4082
9.4082
9.1354
9.6435
9.6435
9.3723
10.6601
10.6601
10.6601
10.6601
10.6601
11.1315
11.3874
11.3874
11.4961
11.4961
11.4961
11.2920
11.2920
11.2920
10.9329
10.9149
10.9149
10.9149
10.9149
10.9149
10.9149
10.9149
10.9149
10.9149
10.9149
10.9149
10.9149
10.9149
10.9149
10.9149
10.9149
11.4742
11.4192
11.4192
10.4883
10.4883
10.4883
9.2928
9.2928
9.2928
9.5614
9.5614
9.0932
9.0932
11.2645
11.7640
12.5222
13.2941
13.0626
13.0626
13.0626
12.1396
11.6925
12.8523
12.4156
12.4156
12.4963
12.6237
12.7790
12.9957
12.8931
11.7905
11.7905
11.7905
12.9870
12.9870
12.9870
12.8989
12.8989
12.4748
12.8633
12.8633
13.4804
13.4804
13.4804
12.8434
12.7572
12.7572
12.3002
12.3527
12.3527
11.8134
11.7019
11.7019
11.6112
11.9312
11.8452
11.8452
11.4214
11.4214
12.1369
12.1369
11.9303
12.0075
11.5649
11.4655
11.4655
10.1201
10.0974
10.2058
10.6138
10.6437
11.3323
11.3323
11.5832
11.5832
11.5832
11.4274
11.4274
11.8541
11.8541
10.9831
10.9831
10.9831
11.2146
11.8209
11.8209
11.8209
11.8209
11.8209
11.2472
12.2459
12.0267
12.7465
12.7465
12.6847
13.4992
13.4992
13.4992
13.4992
13.7728
13.7728
13.9153
13.9153
13.2988
13.2988
13.2988
13.2988
14.0707
13.6162
13.6162
13.6162
13.9996
13.9996
13.6809
14.1812
14.3086
14.3086
13.5257
13.6888
13.6888
13.5111
14.1121
14.1121
14.1121
14.1121
14.1121
14.1121
14.3176
14.2651
13.7695
13.7878
13.8630
13.8630
13.8630
13.8630
14.4641
13.9058
14.1211
13.5971
13.3933
13.4901
13.4901
13.5395
13.5395
13.3793
13.3793
12.8475
12.1872
12.1872
12.1872
12.0836
12.0836
11.3716
11.3716
11.3716
11.9259
13.4517
13.4517
13.4517
13.5278
12.7606
12.4500
12.4500
12.4500
12.4500
12.4500
12.4500
11.0382
11.2103
11.6745
12.3287
11.7665
11.7741
12.3505
12.4842
12.4842
12.4842
12.4842
12.5619
12.4926
12.4926
12.4926
12.5041
12.5041
12.5041
12.8674
12.8674
12.1579
12.1579
12.1579
12.1579
12.1579
12.6816
12.8503
12.7304
12.3505
12.3505
12.3505
12.3505
13.4553
13.4553
13.4553
13.4553
13.4553
13.4553
13.4553
13.4553
13.4553
13.4553
13.4553
13.4553
13.4553
13.4553
13.4553
13.4553
13.4553
13.4553
13.2192
13.2192
13.1959
13.1959
13.1959
12.9663
12.9663
12.9663
12.2716
12.2716
12.2716
11.6295
11.6295
11.5903
10.9769
10.9769
12.8423
13.1880
13.1880
13.1880
13.1880
13.1880
13.1880
11.8506
11.8506
11.5521
11.5521
10.4867
11.0106
10.7456
10.7456
11.4902
11.4902
11.7764
12.0477
12.0444
12.9699
12.9699
12.9699
12.9699
12.8498
12.8498
12.8498
12.3979
12.9318
12.9318
12.9318
11.5955
11.5029
12.0764
11.8446
12.4233
12.3931
12.3931
12.3931
12.3931
13.2165
12.9240
11.6903
11.6903
11.5613
11.5613
11.5613
11.5613
12.4437
12.8656
12.8656
12.8656
12.8656
12.8656
12.8656
12.8656
12.8656
12.8656
12.8656
12.8656
12.8656
12.8656
12.8656
12.8656
12.8656
12.8475
12.8475
12.8475
12.8475
12.3716
11.9009
11.9009
11.8277
11.8277
12.2353
12.7844
11.6763
11.6763
11.6763
11.6763
11.6763
10.6042
10.6042
10.6042
10.0615
10.0615
10.0627
11.1802
11.1148
10.6854
11.1299
11.1299
12.4144
13.0980
13.0980
13.0980
13.0980
12.8519
12.8519
12.8519
12.8519
12.8519
12.6331
12.6331
12.6331
12.6331
12.4878
11.6659
12.8465
12.8414
12.8414
13.0067
13.0067
13.0067
13.5670
13.1975
12.9318
12.9318
12.9296
12.9296
12.3222
11.0911
11.1526
11.4857
11.4857
11.4857
11.4857
11.2686
11.2686
11.2686
11.2686
11.9561
12.6854
13.0388
13.0388
12.8565
12.8565
12.8565
12.8565
12.8565
12.7195
12.7195
12.4182
12.4182
12.4182
12.1092
11.6543
12.0174
12.9977
12.9553
12.9553
12.2677
12.4678
12.6031
12.6031
12.9954
12.9954
12.9954
11.2155
11.8275
12.1090
12.1090
13.1704
13.1704
13.1704
13.1704
13.4118
13.9886
13.2893
13.5475
12.7936
12.7936
13.1659
13.1074
13.1234
13.3428
14.1396
13.1043
13.9005
13.9005
13.3247
13.6126
13.4812
14.2061
14.2061
14.2061
13.5108
13.5108
13.5108
13.5108
13.2496
13.4334
11.6843
10.7798
11.2291
11.2291
9.2383
9.1529
10.7654
10.4920
9.9083
10.2580
10.2580
10.2580
10.2580
10.7522
10.7522
10.8379
10.8379
10.8379
10.1849
10.1849
10.1849
10.1849
10.1849
10.1849
10.1849
10.4112
10.4112
10.4112
9.3111
9.0586
9.6770
9.4873
9.7048
8.6734
9.0772
9.0250
8.7959
9.6170
15.0500
