   0.000   0.000   0.000   0.000   0.000   0.000   0.000   0.000   0.000   0.000   0.000   0.000    -2.345
  -0.055  -0.303   0.262   0.490  -0.279   0.033  -0.659  -0.241   0.200   0.094   0.073  -0.180    -2.899
  -0.041  -0.243   0.078  -0.331   0.123  -0.041   0.252  -0.017  -0.394  -0.172   0.084  -0.010    -2.717
  -0.205  -0.218   0.188   0.293  -0.094   0.237   0.148   0.805  -0.355  -0.036   0.379  -0.324    -2.711
   0.301   0.418   0.478   0.049   0.321   0.214  -1.023   0.085   0.052  -0.890   0.149   0.015    -3.430
   0.475  -0.489   0.090   0.232   0.147   0.880   0.651  -0.096   0.225  -0.165  -0.539  -0.040    -2.738
  -0.310   0.027  -0.150   0.393   0.660  -0.154  -0.389  -0.532  -0.210  -0.290  -0.400   0.296    -3.065
  -0.356   0.105  -0.331  -0.390   0.356   0.476   0.614  -0.080   0.400  -0.214  -0.155   0.757    -2.278
   0.146  -0.675  -0.213   0.323   0.028   0.630   0.278   0.242  -0.105  -0.203  -0.321  -0.459    -3.897
   0.238  -0.513  -0.208  -0.205  -0.393   0.034  -0.347   0.375  -0.076   0.041  -0.269  -0.703    -2.213
  -0.287  -0.661   0.203   0.189   0.507   0.141   0.788   0.139  -0.310   0.019   0.288   0.451    -2.794
   0.605   0.203   0.145   0.091  -0.096  -0.308   0.142  -0.018  -0.363   0.242  -0.196  -0.416    -2.535
  -0.216  -0.274   0.137   0.333  -0.019   0.173   0.701   0.283  -0.233   0.048  -0.073   0.054    -2.188
   0.295  -0.095  -0.224   0.021  -0.425  -0.015   0.209   0.222   0.033   0.033  -0.245   0.232    -3.392
  -0.067  -0.061  -0.337   0.065   0.033   0.232  -0.091   0.021   0.211   0.241   0.025   0.090    -2.491
  -0.434  -0.331   0.121  -0.193   0.559   0.735  -0.013   0.592  -0.922  -0.086  -0.422   0.180    -2.955
   0.077   0.123   0.125  -0.032   0.267   0.054   0.146   0.250   0.225   0.058  -0.211   0.004    -2.241
   0.227   0.066   0.052  -0.097   0.447  -0.139  -0.102   0.085   0.041   0.246   0.160  -0.151    -3.532
   0.247   0.504  -0.456  -0.010   0.371   0.238   0.185   0.091  -0.359   0.419  -0.074   0.621    -2.738
  -0.520  -0.235  -0.450  -0.333   0.380  -0.006  -0.116  -0.544  -0.307  -0.110  -0.065   0.123    -3.087
   0.150  -0.168  -0.563  -0.220  -0.837  -0.783  -0.142   0.375   0.217   0.382  -0.340   0.367    -3.145
   0.028  -0.005  -0.159   0.827   0.047  -0.045  -0.030   0.266  -0.423  -0.098   0.404   0.014    -4.583
  -0.403   0.250   0.557  -0.085  -0.489  -0.188  -0.329   0.402  -0.052  -0.166   0.595  -0.597    -2.759
  -0.141  -0.503   0.256   0.971  -0.324  -0.225   0.377  -0.003  -0.127  -0.118   0.562  -1.170    -2.693
  -0.120   0.022  -0.660   0.428   0.811  -0.836   0.016   0.263  -0.562   0.127   0.137   0.080   -10.446
  -0.044   0.017   0.170   0.110   0.027  -0.012   0.045   0.030   0.083   0.138   0.230   0.128    -2.282
  -0.200   0.714   0.228  -0.599  -0.420  -0.227  -0.232  -0.458   0.206   0.464  -0.158  -0.907    -2.518
   0.442  -0.647   0.327  -0.535   0.124   0.196  -0.101   0.211  -0.395   0.206   0.777  -0.016    -2.781
   0.218   0.016  -0.007  -0.073  -0.048   0.016   0.423   0.563  -0.548   0.288   0.342   0.289    -2.282
   0.510   0.196  -0.162   0.065   0.102   0.068   0.578  -0.123  -0.277  -0.326   0.305   0.137    -3.373
   0.496  -0.534  -0.094  -1.818   0.221   0.221  -0.120  -0.400  -0.379   1.045  -0.039   0.876    -4.157
   0.362  -0.548  -0.265  -0.363  -0.395   0.978   0.159   0.496  -0.109   1.100  -0.586   0.304    -1.912
  -0.221  -0.584  -0.981  -0.273  -0.169   1.597  -0.142  -0.715  -0.500  -0.189   0.782   0.159    -8.117
   0.234   0.194   0.857   1.353  -0.481  -1.410   0.338   0.045  -0.231   0.636  -0.090  -0.154    -6.924
  -1.099   0.090  -0.763  -0.078  -1.123   0.031   0.744   0.266   0.871  -0.435   0.675  -0.024    -4.733
  -0.397   0.644  -0.687  -0.853   1.043   1.105  -0.964   0.060   0.607   0.463   0.099   0.704    -2.888
   1.076   0.275   0.834  -0.563   0.512  -0.687  -0.573  -0.091  -0.183   0.794  -1.074  -0.097    -3.403
   0.145   0.716   0.041   0.139  -1.289  -0.915  -0.343  -0.707  -0.543   0.542   0.325  -0.628    -4.340
  -1.020   0.344   0.158   0.274   0.921  -0.711   0.045   0.170  -0.670   0.889   0.631   0.980   -10.250
   0.417   0.320   0.694   0.983  -1.065  -0.618   0.867  -0.225  -0.324   0.864  -0.728  -0.581    -4.248
  -0.429   0.384   0.197   1.056  -1.394  -0.450  -0.451   0.745  -0.098  -0.756  -0.942   0.076    -3.576
   0.670   0.915  -0.897   0.424  -0.754   0.324   0.471  -0.364  -0.806  -0.058   1.156  -0.750    -8.317
   0.659   0.231   1.033   0.197   0.348  -0.482   0.547  -0.369   0.613  -0.289   0.852  -0.499    -4.831
   0.236  -1.048   0.598  -0.769   0.162   0.495  -0.207  -0.387   0.816  -0.145   0.286   0.857    -1.451
   0.548  -0.655   0.122  -0.716  -0.927   1.212   0.195  -0.760   0.274   0.261  -0.129  -1.189    -2.571
   0.066   0.839  -1.580  -0.590  -0.170  -0.036  -0.868  -0.403  -0.437  -0.892   0.668   0.508    -2.848
  -0.090   0.603   0.380   0.708  -0.965   0.513   1.437  -0.516   0.367  -0.541   0.271  -0.667    -3.632
  -1.242   0.404  -1.329  -0.520  -0.394   0.203  -0.870  -0.461  -0.196  -0.722  -0.222   0.490    -8.588
  -0.244  -0.754   0.393   0.344  -0.738   0.895   0.953  -0.923  -0.052  -0.278   0.397  -0.877    -2.393
  -0.552  -0.486   0.871   0.403   1.107  -0.208  -0.259  -0.607  -0.089  -0.718  -0.987  -0.859   -10.830
   0.441   1.321   0.447  -0.156   0.333   0.845   0.409  -1.194   0.090   0.306  -0.114   1.168    -5.229
  -1.009   0.867  -0.191  -0.163   0.541   0.015  -0.153   0.426   0.636   0.669  -0.582  -0.372    -5.351
   0.567   1.286   0.692   0.961   0.439   0.486  -0.781  -0.132   1.006  -0.758   0.138   0.210   -13.337
  -0.043   0.624   1.129  -0.508  -0.080  -0.441  -0.123   1.330  -0.063  -0.933  -0.096  -0.234    -2.800
  -0.403  -0.564  -0.426  -0.286   0.733  -0.109  -0.845  -0.462   1.528   1.102   0.096  -0.122    -2.504
  -0.159  -0.302   0.556  -1.443  -1.455   0.051  -0.089  -0.691   0.083  -0.637   0.635   0.461    -6.583
   0.080  -0.090   0.628  -1.255  -0.462   0.153   1.811   0.558  -0.449   0.054  -0.030   0.360    -2.495
  -0.577   0.428   0.031  -0.995  -0.606   1.225  -0.790  -0.205  -0.712  -0.922  -0.688   0.072    -5.211
  -0.346   0.764   0.046  -1.049   1.044   0.984   0.045   0.079   0.035  -0.448   1.185   0.393    -2.796
   1.297  -0.138  -0.534  -0.293  -0.525  -0.637  -0.011  -0.176  -0.367  -0.128   1.399  -0.119    -2.523
   0.068  -0.836  -0.066  -0.258   0.854   0.551   1.261   0.366  -0.191   0.918   0.331   0.773    -2.533
   0.183  -0.442   0.329   0.642  -1.867   0.713   0.063  -0.047  -0.421   0.899  -0.614   0.281   -13.268
   0.118  -0.951   0.724  -0.929  -0.444   0.863  -0.164   1.203   0.135  -0.446   0.290  -1.075    -1.835
   0.608   0.058   0.595   0.571  -0.343  -1.196   0.774  -0.223   0.413  -0.169   0.382   0.281    -5.320
  -0.364   1.094  -1.166   0.051   1.090  -0.095   0.521   0.865   0.518  -0.367   0.689   0.193    -7.091
   0.281  -0.005   0.201  -0.702  -0.344   0.935  -1.464   0.261  -0.041   0.074  -0.768  -0.577    -2.612
  -0.248  -0.099   0.492  -0.097  -0.160  -0.305  -1.420   0.227   1.034  -0.663   0.231   0.048    -2.377
   0.740  -0.060  -1.388   0.496  -0.203  -0.477   0.637  -0.438   0.066  -0.244  -0.373   0.415   -11.014
  -0.106  -1.461  -0.253   0.171  -0.069   0.998   0.876   0.315  -0.286   0.679  -0.655  -0.800    -2.213
   0.457  -0.365   1.080  -0.801  -0.616   0.433  -0.592   1.172  -0.597  -0.122   1.152   0.329    -4.590
   0.437   0.023   1.021   0.904   0.595   1.131  -0.177   0.516  -0.903   0.496  -0.896  -0.531    -7.719
  -0.348  -0.211   0.945  -1.317  -0.631   0.682   1.262  -0.063   0.061   0.475  -0.129  -0.682    -4.699
  -0.494  -0.313   0.512  -1.223  -0.209  -0.611   0.374   0.063   0.467  -0.316   0.062  -1.430    -3.678
  -0.082   0.990   0.338  -0.086  -0.227  -0.334  -1.281  -1.180  -0.332   0.839  -0.101   0.548    -2.737
  -0.995  -0.669  -0.592  -0.162  -0.009  -0.370   1.075  -0.436  -0.218  -1.530  -0.517  -0.094    -6.319
  -0.039  -0.284   1.656  -0.410  -0.257   1.170  -0.100   0.439   0.278   0.678   0.344   0.472   -11.625
   0.035  -0.895   0.143  -0.457   1.132   0.045   0.077  -0.270   0.364   0.157   0.009  -0.947    -7.946
  -0.418   0.218  -0.018  -0.617   1.620  -0.312   0.352   0.515   0.266   1.236  -0.388  -0.227    -5.059
  -0.087   0.392   0.152  -1.573   0.079  -0.356   0.458  -0.070   0.032   0.370  -0.146   1.137    -2.851
   0.041   0.209   0.251  -1.810   1.257   0.760  -0.254  -0.136  -0.368  -0.106  -0.191  -0.494   -13.951
   0.230   0.454   0.744  -1.415   0.531  -1.287   0.215  -0.052   0.898  -0.127   0.387   0.603   -14.007
   0.209   0.032  -0.293  -0.881  -0.171   0.772  -0.330   0.768   0.332  -1.335  -0.152  -0.114    -2.926
   0.229  -1.474   0.207   0.407  -0.705   0.257   0.486   0.920  -0.140  -0.692   0.026  -1.189    -3.084
   0.104   0.274  -0.280  -0.022   0.056   0.986  -0.526  -0.710   0.282  -1.564  -0.484  -0.951    -2.620
  -0.520   0.313   0.547  -0.423  -0.287   0.394   0.547  -0.600   0.593  -1.110   1.380   0.587    -2.629
   1.148  -0.174   0.210  -0.256   1.062  -0.763  -0.415  -0.291   0.341   0.152   1.098  -1.102    -6.543
  -0.024  -0.716  -0.689   0.204   0.154   0.015  -0.608  -0.082  -1.935   0.374  -0.665  -0.511    -1.674
  -1.128  -0.797  -0.397   0.428  -0.100  -1.082  -0.550  -0.220  -1.127  -0.363  -0.379  -0.551    -8.827
   0.060  -0.738   0.280  -0.741   0.251   0.692  -1.482  -0.074   0.470   0.342  -1.165  -0.220    -3.054
   0.231   0.571   0.276  -0.337  -0.861  -1.050  -0.380  -0.013   0.475   1.139  -0.557  -1.350    -2.757
  -0.508  -0.183   0.681  -0.978  -0.954   0.951  -0.101  -0.092   1.147   0.398   0.231  -1.035    -2.730
  -0.152  -0.299  -1.324   0.869  -0.074   0.923   0.658   0.505   0.176   0.169   0.765   0.721    -5.876
   0.670  -0.434   0.064  -0.054  -0.739   0.049   0.267   0.055   1.011  -0.920   0.081   0.573    -3.615
   0.191   0.515  -0.138  -0.493   0.769   1.305   0.280  -0.817   0.366  -0.006   0.322   1.391    -3.074
   0.089   0.001   0.490   0.065   0.460  -0.254  -1.500   1.232   0.340   0.159  -0.576   0.472    -2.947
  -0.161   0.582   0.011  -1.009  -0.171   0.747   0.087  -0.706   0.030   0.842  -1.231   0.766    -3.461
  -0.043   0.005  -0.933  -0.306   1.078  -0.247   0.358   1.008  -0.321   0.198   0.362   0.355    -6.618
  -0.425   0.056  -0.215  -0.560  -0.723  -0.171   1.732   0.056  -0.344   0.832  -0.050  -1.023    -2.045
  -0.891  -1.126   0.340  -0.430  -0.278   1.197   0.406  -0.241   0.548   0.592  -0.984   0.569    -4.792
   0.889  -0.851  -0.125  -0.004  -0.862  -1.232   0.501   0.386   0.195  -0.659   0.051  -0.489    -1.440
  -0.421  -0.323  -0.229   1.646  -0.674   0.698   0.532  -0.575   0.360   0.453   0.121   1.135    -5.048
  -0.157   0.333  -0.562   0.190  -0.760  -0.552  -0.043   0.949   0.624   1.382   0.126   0.125    -0.854
   0.521  -0.444   1.177  -0.102   1.439  -0.368   0.347  -0.461  -0.607   0.359  -0.793  -0.220   -11.106
   0.512   0.278  -0.134   0.278  -0.262   0.453  -1.840   0.283   0.300  -0.149   0.174   1.231    -3.360
  -0.492   0.109   0.736  -0.127   0.057  -0.973  -1.082   0.573  -0.786   0.909  -0.274   0.810    -2.358
  -0.828   0.429  -0.386   0.891  -0.165   0.292  -1.438  -0.771   0.295  -0.670   0.287   0.227    -5.466
  -0.426   0.252   0.317   0.414  -1.189   0.935  -0.661  -0.341   0.083   0.280   0.992   0.851    -5.435
  -0.708   0.391  -0.200   0.053   0.260  -0.190  -0.333   1.026  -0.450   0.956   1.468   0.203    -2.295
  -0.297  -0.521   0.636  -0.520   0.539  -0.209  -0.368   0.510  -0.702   1.140  -1.533  -0.206    -3.325
  -0.155  -1.001   0.127   0.619   0.096  -0.051   0.993  -1.287   0.658  -0.646  -0.909  -0.678    -3.203
  -0.412  -1.554   0.321  -0.401   0.559   0.025   0.171  -1.006  -1.101  -0.022  -0.262   0.687    -2.986
   0.433   0.096   0.020  -0.472  -0.564  -0.820   0.908  -0.218  -0.387  -1.084   0.742   1.187    -3.223
   0.646   0.347  -0.692  -0.330   1.309   0.594  -0.476   0.283  -0.124   0.103   0.593   0.322    -5.965
   0.046   0.899  -0.414  -0.184   1.097   0.957  -0.432   0.463  -1.444   0.262   0.582  -0.038    -5.362
   0.109  -0.140  -0.025  -1.278  -0.317  -1.118  -0.970   0.416  -0.068   1.033   0.181   0.778    -3.298
  -0.081   0.321   0.062  -0.640   0.183  -0.229   0.439   0.551   1.655  -0.371  -0.444  -0.121    -2.424
  -0.479   0.049  -0.004   0.562   0.240  -0.851  -0.527  -0.850  -0.604  -0.320   1.405   0.235    -3.697
   0.676   0.134   0.477  -0.164  -2.077  -0.461  -0.674   0.202  -0.299   0.367  -0.333   0.081   -14.288
   0.116  -0.191   0.176   0.334   0.417  -1.464  -0.482   0.549  -0.777  -0.260  -0.424  -0.080    -5.108
  -0.140  -0.023  -0.416   1.736  -0.701  -0.236   0.469   0.867   0.363   0.770  -0.595   0.627    -3.062
   0.003   0.380   0.453  -0.598  -0.870   0.127   0.006  -0.613   0.967   0.810  -0.214   1.139    -3.766
   0.716   0.545  -0.235  -0.816   1.053  -0.552  -0.481  -0.522   0.928   0.637   0.169   0.677    -2.802
  -0.012  -0.629   0.312  -0.858  -1.266  -0.303  -0.556  -0.184  -0.900   0.727   0.453   0.381    -3.669
   0.482  -0.139   0.374   0.181  -0.288   0.726   1.458  -0.187   0.578  -0.883  -0.139   0.456    -2.384
  -0.398  -1.142   0.368   1.027  -0.645  -1.100   0.344   0.128   0.709  -0.788  -0.050  -0.618    -9.265
   0.692   0.395   0.627   0.028  -0.421  -0.797  -0.294  -0.816  -0.135  -0.930   0.708  -1.121    -6.020
   0.232   0.361  -0.635   0.126  -0.345   1.050  -0.321  -0.184   1.019   1.168   0.471  -0.895    -0.680
  -0.332  -0.526  -0.531  -1.220  -0.228  -0.580  -0.010   0.284  -0.979  -0.771   0.002  -0.766    -1.929
   1.288   0.412  -0.170  -0.599  -1.038   0.079  -0.503   0.273  -1.305  -0.119  -0.570   0.184    -3.396
   0.924  -0.136  -0.571  -0.145  -0.145   0.246   0.984  -0.649  -1.447   0.204   0.100   0.612    -4.208
  -0.281  -0.524   0.854  -0.075  -0.700  -0.383  -0.183  -0.582  -0.434  -1.270  -1.028  -0.774    -3.504
   0.110  -1.069  -0.409   0.190  -0.307  -0.155  -1.347  -0.220   0.929  -0.544   0.491  -0.620    -2.930
   0.317  -0.069  -1.666  -0.935   0.608   0.478   0.688  -0.412  -0.059  -0.436  -0.321   0.507   -14.239
   0.571   0.072  -0.020   0.265  -0.423   0.799   0.526   0.251  -0.944  -0.913  -0.772  -1.255    -2.669
   0.722  -0.013  -0.129  -0.771   1.864  -0.428  -0.045  -0.250  -0.622   0.426  -0.495   0.659   -11.399
   0.327   0.060   0.876  -0.982  -0.757  -0.093  -0.899   0.143  -0.493   0.615   1.445   0.158    -3.032
  -0.211   0.706   0.315   1.248  -0.106  -0.888  -0.045   0.213  -1.306   0.775   0.746   0.427    -6.849
  -0.184   0.586   0.304  -0.762   0.137  -0.941   0.530  -0.228   0.352   1.282   0.547   0.795    -3.595
  -0.145   0.589  -0.631  -0.426  -0.102  -0.067  -1.056   1.093   0.865  -0.373  -0.235  -1.080    -2.510
  -0.487   0.626   0.194  -0.400   1.299  -0.949  -1.252   0.677  -0.242   0.242  -0.086  -0.780    -5.792
   0.140  -0.719  -0.387  -0.730  -0.328   0.041  -0.651   1.075  -0.123  -0.453   1.142  -0.901    -1.713
  -0.113  -0.334  -0.692   0.250  -1.137  -1.057  -0.487  -0.110  -0.859  -0.309   1.027  -0.046    -3.015
   0.943  -0.194  -0.247  -0.902   0.517  -0.221   0.541   0.831   1.194  -0.691   0.525  -0.030    -2.917
  -0.415   0.175  -0.573   0.298   0.202   0.260  -0.708  -0.122   1.079  -0.276   0.088  -1.180    -2.468
   0.334  -0.531  -0.536  -1.093  -0.603  -0.319   0.069  -0.475   1.112   1.100  -0.431  -0.773    -1.383
  -0.697  -0.015  -0.031   0.189  -1.012  -1.403  -0.571  -0.216  -0.841  -0.115  -0.146  -0.198    -1.860
  -0.310   0.976   0.328  -0.811  -1.020  -0.779  -0.359   1.335   0.447   0.201  -0.502   0.609    -2.813
  -0.155   0.475  -1.011  -0.747   0.390  -0.802   0.298   0.534  -0.082  -0.796   0.508   0.618    -5.059
   1.237   0.899   0.067  -0.333  -0.414  -0.436  -0.046  -0.543  -0.872  -0.232  -0.914   1.183    -3.411
   0.438  -1.028  -0.068  -0.312   0.613   0.813  -1.462  -0.293  -0.496  -0.824   0.244   0.344    -2.530
  -0.284   0.539   0.786  -0.251   0.490  -0.220   0.427  -0.949  -0.687   0.193  -1.463   0.917    -3.914
  -0.318  -1.062   0.248  -0.435  -0.026  -0.466  -0.316   0.853  -0.699   0.651   0.564  -0.413    -3.655
  -0.176   0.239  -0.093  -0.721  -1.353  -0.854  -0.168  -0.361   0.844  -0.798   0.057  -0.030    -2.541
   0.323   0.496   0.530  -0.101  -0.178  -0.205   0.468  -0.462  -0.591  -0.030  -1.442  -1.109    -2.581
   0.073  -0.396  -0.447   0.117  -1.106  -0.690  -1.261   1.451   0.497   0.272   0.070  -0.039    -1.843
   0.105  -1.151   0.149  -0.545  -0.184   0.129   0.344  -0.002   0.028  -1.217  -1.610   0.395    -2.212
   0.135  -0.027  -0.121  -0.196  -0.508   0.825   0.526   0.396   1.219  -1.012   1.264  -0.152    -3.615
  -0.250  -0.163  -0.317  -0.415  -1.062  -0.223   0.590   0.065  -1.630   0.204   0.991  -0.237    -1.788
   0.172   0.527  -0.336  -0.585  -0.556   1.233  -0.578  -0.514   0.436   1.524   0.132  -0.467    -3.667
   0.255   0.011  -0.927   0.200  -1.138   0.370  -1.024  -1.220  -0.974  -0.153   0.518  -0.054    -1.335
  -0.528   0.211  -0.326   1.299  -0.285  -0.162   0.114  -0.140   1.332  -0.030  -1.181   0.245    -7.031
  -0.402   1.134   0.519  -0.398   1.067  -0.631   1.277  -0.118  -0.110  -0.743   0.748   0.041    -6.578
  -0.864   0.218   0.081  -0.169  -0.499  -1.388  -1.570   0.099  -0.434  -0.420   0.513   0.079    -2.487
   1.194  -0.023   0.259  -0.222  -0.580   1.024   0.340  -0.465  -0.931  -0.095   0.205  -0.598    -1.294
  -0.418   1.011   0.257   0.126  -0.875   0.567  -0.690  -0.203   1.421   0.161   0.075  -0.195    -2.227
   0.029  -0.124  -0.301   0.038  -0.265   1.646   0.068  -0.233   1.650   0.261   0.495   0.163    -1.850
   0.053   0.246   0.071  -0.333   0.236   0.784  -1.372   0.826  -0.233  -0.167  -0.750  -0.419    -2.127
   0.437  -1.315  -0.110   0.639   0.420   0.103  -0.031   0.432  -1.045  -0.708   0.590  -0.434    -4.290
   0.356  -0.609  -0.161   0.119  -0.096   1.437  -0.017  -0.889  -1.160   0.290   0.344   0.163    -4.298
  -0.397   0.539  -0.518  -0.321   0.331   1.662   0.294   0.203   1.110  -0.589  -0.754  -0.251    -3.725
   1.044   0.210  -0.099   0.005  -1.259  -1.397  -0.272   1.018  -0.236   0.164  -0.124  -0.579    -1.528
  -0.450   0.549  -1.655  -0.324  -0.954  -0.212   0.104  -0.200   0.516  -0.936  -0.483   0.573   -10.822
  -0.015  -0.600   0.023  -0.955  -0.178  -0.824   0.855   0.951  -0.554  -0.348   0.283  -1.367    -2.195
  -0.211   0.178  -0.379  -0.308   0.472   0.167  -0.949   0.496   0.324   1.674  -0.077  -0.068    -2.240
   0.048   0.990  -0.410   0.827   0.058  -0.153   0.427  -0.545  -1.189   0.745   0.722  -1.165    -4.103
   0.458   0.198   0.314   0.043  -0.839   1.013   0.565  -0.775  -0.326   0.373   0.934  -0.312    -2.147
  -0.447   0.550   1.011  -0.793  -0.508   1.237   0.939   0.312   0.219   0.045  -0.303   0.838    -4.825
   0.286  -0.477  -0.296  -0.980  -0.305   0.415   0.873   0.449  -0.932   1.008   0.120  -1.321    -1.354
  -0.042   0.060   0.119  -0.694   0.569  -1.292   0.752   0.164   0.940   1.390  -0.422  -0.192    -1.429
   0.375  -0.015  -0.539  -0.446  -0.847  -0.508  -1.151  -1.101   0.278  -0.637  -0.695   0.022    -2.474
   0.576  -0.871  -0.773  -0.347   0.843  -0.074   0.342  -0.708   0.504  -0.533  -1.071  -0.834    -3.846
  -0.201  -0.460   0.551  -0.702   0.060  -1.664  -0.295  -0.300   0.096  -0.421  -1.181   0.388    -9.329
  -0.183   0.716   1.127   0.128  -0.851   0.119  -0.405   0.390  -0.044   0.446   0.627  -0.714    -8.927
   0.500  -0.525   0.165   0.405  -0.843  -0.669  -0.050   0.777  -1.364   0.575  -0.541  -0.855    -2.518
  -0.108  -0.474  -0.603  -0.448  -0.183  -0.576  -0.026  -0.296   1.080   0.405   0.108   0.087    -1.602
   0.900   0.079  -0.261  -1.133  -0.407  -0.820   0.686   0.112   0.282   0.393   0.881  -0.608    -4.157
  -0.196  -0.038   1.247   1.155  -0.247   0.190   0.531  -1.016  -0.407   0.542  -0.044   0.011    -5.204
   0.218   0.616  -0.731  -0.409  -0.529  -0.093  -0.831   0.181  -0.595   0.513  -1.609  -0.918    -1.861
   0.038   1.054  -0.727   0.472  -0.482  -0.731   0.978   0.546   0.329  -0.606   0.543   1.087    -3.804
   0.065   0.463  -0.245  -0.183  -0.508  -0.510  -0.315   0.610   1.169   0.646   0.399  -1.228    -2.426
   0.013  -0.100  -0.424  -0.361   0.302   0.558  -1.106   0.191  -0.233  -0.921  -0.010   0.961    -2.740
   0.479  -0.951   0.243  -1.042   0.279   0.318   0.068   0.184  -0.197  -0.531  -0.633   0.331    -6.817
  -0.024  -0.749  -0.314  -0.146   0.424   0.515  -0.882  -0.405   0.764   0.224   0.206  -0.846    -2.666
   0.755   0.119   0.368  -0.463   0.148  -0.885   1.405   0.127   0.993   0.490   0.386  -0.450    -3.660
  -0.057  -0.255   0.157   0.840  -0.289   0.272  -1.025  -0.893   1.598  -0.212   0.808   0.219    -3.042
  -0.663  -0.886   0.081  -0.981   0.766  -0.557   1.197   0.574   0.262   0.105   0.935   0.242    -3.439
  -0.442   0.251  -0.443  -0.359  -0.495  -1.012  -0.104   0.270   0.257  -1.037  -0.885  -0.060    -2.377
  -0.013   0.657   0.278   0.770   0.954   1.613   0.757   0.252  -0.661  -0.257  -0.431  -0.020    -5.407
   0.052   0.444   0.207  -0.207  -0.003   0.083   1.514   0.281  -0.148  -0.143  -0.197  -1.528    -2.600
  -0.163  -0.409   0.245  -0.639  -0.541   0.230  -0.540   0.808   1.990  -0.256  -0.048   0.489    -3.489
  -0.450   0.215  -0.067  -0.658  -0.059   0.160  -0.180   0.588  -0.248   0.989  -0.309  -0.866    -2.205
   0.045   0.284  -0.424  -0.015   0.581  -1.123   1.527  -0.607   0.426  -0.081   0.948  -0.591    -3.663
   0.606  -0.325  -0.107  -0.164   1.084   0.015  -1.648  -0.256   0.038  -0.884  -0.253  -0.258    -3.659
   0.123   0.234  -0.096   0.331  -0.911   0.251  -0.199  -0.432  -0.119   1.305  -0.739  -1.362    -2.711
   0.221   0.258  -0.177  -0.475  -0.647   0.413  -1.116  -0.224   1.057  -1.568  -0.181  -0.574    -3.829
   0.214  -0.263  -0.173   0.044  -0.653   1.045   0.743  -0.612  -0.072  -1.419   0.658   0.919    -2.439
   0.555  -1.112  -0.421  -0.634  -0.535   0.732   0.463   0.019  -1.099   0.773   0.787  -0.534    -1.441
  -0.458   0.925  -0.909  -0.212  -1.443  -0.044  -0.405  -0.365  -0.103  -0.531  -0.393   1.033    -9.519
   0.376   0.639   0.010  -0.493  -0.011  -1.612  -0.455  -0.404   1.031   0.434   0.508   0.009    -1.795
   0.431  -0.580   0.024   0.261   0.224   0.676   0.044   0.532  -0.537   1.455  -0.438  -0.816    -4.152
   0.374  -0.395   1.601  -0.419  -0.246  -0.510  -0.459  -0.028   0.692  -1.362  -0.393   0.006    -8.113
  -0.578   0.684  -0.486  -0.327   0.090   0.361   1.133  -0.776   0.784  -1.018   0.961   0.460    -2.711
  -0.118   0.244   0.448  -0.526   1.026   0.144  -0.067   0.207  -1.310   0.015   0.559   0.393    -2.675
  -0.703  -0.210  -0.257   0.051  -0.358  -0.669  -0.977   1.497   0.916   0.706   0.232   0.534    -2.440
   0.110  -0.520  -0.203  -0.609  -0.240  -0.684  -0.776  -1.056   0.409   0.219   0.940   1.089    -2.446
  -0.392  -0.389   0.579   0.657  -0.247  -1.027   0.938  -0.198  -0.571   0.647  -0.284  -1.118    -4.465
  -0.255  -0.241  -0.058  -0.356   0.004   0.418  -1.217  -1.321  -1.150   0.040  -0.232   0.320    -2.538
  -0.532   0.094   0.077  -0.889  -0.696  -1.574   0.720   0.241   0.379   0.416   0.273  -0.723    -9.814
  -0.043  -0.565  -0.114   1.052  -0.349  -0.436  -0.375   0.140   0.760   1.377   0.820  -0.443    -3.041
  -0.540   0.493   0.849  -0.673   0.183   0.633   0.975   0.101   1.322  -0.960   0.357   0.495    -2.480
  -0.298   0.757  -0.823  -0.873  -0.368  -0.798  -1.058  -0.796   0.431   0.376   0.569   0.389    -2.385
   0.373  -0.465  -0.430  -0.651  -0.295  -0.139  -0.839  -0.427  -0.634  -1.316  -1.082   0.066    -3.376
  -0.028   0.458   0.165  -0.854  -0.881   1.317  -1.141   0.587  -0.076  -0.603   0.499  -0.254    -2.355
   0.396   0.316  -0.415  -0.508  -1.021  -0.706  -0.672   0.952  -0.288   0.630  -0.514  -0.826    -4.065
  -0.404  -0.045  -0.746  -1.967  -0.371  -0.121  -0.965  -0.014   0.492   0.448   0.360   0.010    -3.720
  -0.048   0.192  -0.103  -0.590  -0.781   0.434  -0.081   0.997   0.051   1.367   1.271   0.291    -3.601
   0.226   0.025  -0.360  -0.387  -0.603   0.229  -1.651   0.556  -0.409  -0.646  -0.884   0.010    -2.295
  -0.028  -0.960  -0.267  -1.052  -0.075   1.338  -0.181  -0.329  -0.597  -0.356  -0.886   0.027   -11.743
  -0.525  -0.639   0.114  -0.059  -0.185  -0.706   0.362   0.783  -0.075  -1.731  -0.821   0.282    -2.443
   0.216  -0.259   0.162  -0.185  -0.291   0.420  -1.045  -0.104   0.649   0.786  -0.580   0.322    -5.221
   0.420  -0.220  -0.788   0.393  -0.942  -0.341  -0.101  -0.781   0.991   0.621   0.743   0.015    -2.482
   0.075  -0.425   0.293   1.204   0.763   0.910   0.910  -0.946   0.296  -0.133  -0.811   0.783    -5.372
   0.266   0.195  -0.650   1.267  -0.525  -0.427  -0.006  -0.529   1.319  -0.982   0.409  -0.241    -8.037
  -0.089   0.649  -0.018  -0.519  -0.937  -0.473  -0.277   0.240  -0.560   1.334   0.011   0.158    -1.241
  -0.231  -0.179  -0.267   0.465   0.075  -0.818  -0.668  -1.092  -1.223   0.353   0.528  -0.236    -3.487
   0.226   0.129  -0.181  -0.855  -0.434   0.474   0.616  -0.154  -0.409   1.246  -0.741   0.354    -2.182
   0.022   0.589  -0.414  -0.490   0.481  -0.302   0.171   1.746   0.092  -0.743  -0.809  -0.569    -2.477
   0.714  -0.993  -0.811   0.163  -0.490   0.252  -0.319  -0.977   0.342  -0.316   0.678   0.713    -5.128
   0.093   0.609  -0.383  -1.099  -0.348  -0.600   0.203  -1.400  -0.580   0.860  -0.805  -0.430    -3.045
  -0.985   0.065   0.305   0.176  -0.237   0.039   0.918  -0.012  -0.037  -1.578  -0.631  -0.242    -2.234
   0.234  -0.096  -0.435  -0.076  -0.949  -1.431   0.283  -0.431  -0.308   0.774   0.609  -0.891    -5.631
  -0.395  -0.631  -0.037   0.008  -1.244  -0.361   0.630  -0.718   1.024  -0.919  -0.846   0.579    -2.390
   0.335  -0.947   0.101  -0.612   0.576   0.287   0.823   0.310   1.627   0.378   0.385   0.605    -2.102
   0.787   0.529   0.156   1.039   0.172  -0.483   0.363  -0.533  -0.197   1.014  -0.892   1.015    -5.106
   0.046   0.091  -0.673   0.477  -0.222   1.366   1.220  -0.555  -0.278   0.932   0.292  -0.420    -1.769
   0.365  -0.298   0.668  -0.155  -0.614   0.977   0.837  -1.394   0.557   0.694  -0.846  -0.193    -2.511
  -0.159   0.158  -0.369  -0.574   0.621   0.496   0.849  -0.141   1.035  -0.221   0.306  -0.828    -2.422
   0.484  -0.702  -0.446  -0.295   0.474  -0.147  -0.645  -0.416   0.195   0.459   0.750   1.467    -3.811
  -0.183  -0.161   0.547   0.166  -0.118   1.269  -0.915   0.933  -0.028  -1.018   0.984  -0.310    -2.696
   0.555  -1.115  -0.328   1.230  -0.217  -0.997   0.263  -0.399   0.760  -0.816  -0.022  -0.616    -5.965
   0.522  -0.341   0.325  -0.821  -0.610  -0.098  -0.072   0.332  -0.801  -1.192  -0.596   1.120    -4.075
  -0.481  -0.556   0.140   0.422   0.908  -1.472   0.320  -0.902   0.846  -0.408   0.180  -0.668    -7.510
   1.210  -0.230  -0.210  -0.781  -0.600  -0.868   1.026  -0.291   0.674   0.491  -0.194  -0.109    -3.786
   0.157  -0.410   0.095  -0.598  -0.128   1.353   0.352  -0.536   1.319   0.731  -0.424  -0.083    -2.258
   0.508   0.535  -0.670   0.148  -0.663   0.955   1.367  -0.940  -0.167   0.072  -0.508   0.177    -1.902
   0.010   1.071  -0.254  -0.695  -0.043  -0.204  -0.088  -0.551  -0.566   0.156   0.569   0.483    -3.138
  -0.060  -0.383  -0.275  -0.229   0.325   0.484   0.038   0.188  -0.078   1.022   1.555  -1.423    -2.140
  -0.186  -0.094  -0.441  -0.429  -0.649   1.019   0.727   0.262   0.170   0.079   0.246  -1.200    -1.816
  -0.415  -0.205  -0.255   0.151  -0.022  -0.406   1.761  -1.281  -0.375  -0.612   0.043  -0.071    -2.229
  -0.228   0.083  -0.119  -0.028   0.262   0.829   0.001  -0.388  -0.277   1.842   0.800  -0.813    -2.174
   0.023  -1.120  -0.051   0.430   0.587   0.233   0.166   0.377   1.052  -1.359   0.194   1.012    -4.450
  -0.073   0.318   0.683   0.995  -0.283  -0.702  -0.739   0.057   0.222  -0.049   0.968   0.087    -4.284
  -0.603  -0.420   1.007  -0.433   0.766   0.436  -0.596  -0.095  -1.231   0.915   0.247   0.479    -3.147
   0.639   0.565  -0.319  -0.274  -0.829   0.953   0.999   1.174   0.876  -0.690  -0.350  -0.034    -4.267
  -0.377   0.726  -0.018   0.438  -0.002   0.409  -1.371   1.162   0.443   0.241  -0.375   0.702    -2.255
  -0.278  -0.378  -0.311  -0.150   0.271   0.289  -1.248   0.168  -1.541  -0.631  -0.293  -0.437    -2.041
   0.484  -0.411  -0.687  -0.435  -0.221   0.008   0.294  -0.732   1.376  -0.826   0.110   0.987    -4.347
   0.130  -0.880  -0.268  -0.249  -0.620   0.663  -0.151  -1.274   0.286  -0.882  -1.187  -0.310    -2.416
   0.050   0.727   0.202  -0.178  -0.965   1.195   0.784  -0.911  -0.022  -1.197   0.256   0.530    -2.349
  -0.923   0.568   0.357   1.233  -0.430   0.763   0.121   0.110   0.211   0.843   0.603   1.202    -9.403
  -1.162  -0.670   1.143  -0.080   0.525   0.629   0.353  -0.467   0.694   0.734  -0.110   0.152    -3.926
  -0.170  -0.968  -0.906   1.300   0.176  -0.128  -0.266  -0.306  -0.809  -0.906  -0.460  -0.288   -11.488
   1.359  -0.613   0.353   0.480  -0.591   0.904   0.754  -0.254  -1.071   0.504   0.155  -0.353    -4.469
  -0.490   0.146   0.160  -0.645   0.097  -0.622   0.284   0.948  -1.354  -0.646  -0.202  -0.083    -2.400
   0.455   0.895  -0.148  -0.374  -0.696  -1.040  -1.745  -0.076  -0.158   0.395   0.493  -0.146    -4.156
   0.661   0.910   0.006  -0.699   0.088  -0.433   0.584  -1.253   0.453   1.021  -0.666  -0.770    -3.804
  -0.763   0.784  -0.620  -0.748   0.441  -1.636  -0.071   0.163   0.945   0.441  -0.035  -0.007   -10.228
   0.229  -0.336  -0.165  -0.494   1.006  -0.829   1.387   0.752   0.625   0.910  -0.590  -0.187    -2.674
  -0.593   0.041  -0.303  -0.440   0.930   1.201   0.373  -0.978   0.447  -0.549  -1.008   0.022    -3.472
  -0.055   0.092  -0.616  -0.007   0.319  -0.057  -0.975  -0.680   0.776  -0.511  -1.178   0.629    -2.704
   0.304  -0.215  -0.903  -0.875  -0.269  -0.270  -1.631  -0.207   0.170  -0.337  -0.370  -0.317    -2.410
  -0.322  -0.077  -0.047  -0.225  -0.960  -0.757   0.212  -0.369   0.192   1.058  -0.314   0.539    -1.061
  -0.133   0.834   0.219  -0.737  -0.131  -0.304   0.206   1.666   0.428   0.660   0.136   0.990    -2.875
  -0.643   1.220  -0.303  -0.170  -0.883   0.932  -0.856  -0.117  -0.691   0.310   0.126  -0.782    -3.589
   0.136   1.010  -0.048   0.298  -0.692  -1.146  -0.549   0.970  -0.929  -0.120   0.687   0.252    -4.518
  -0.457   0.161   0.425   0.256  -0.071  -0.221  -1.654   0.925  -0.565  -0.297  -0.230  -0.959    -2.370
  -0.240  -0.398  -0.107  -0.079  -0.521  -0.284   0.804  -0.793   0.506   0.957  -0.981  -0.886    -2.377
  -0.284   0.490  -0.231  -0.600  -0.547   0.957   0.733   0.912  -1.341  -0.343   0.922  -0.398    -1.520
  -0.230  -1.037   0.246  -0.501  -0.350   0.718   0.850   0.711   0.037  -0.398  -1.181   0.183    -2.446
  -0.571   0.114   0.064  -0.512   0.381   0.188   0.375  -0.880   0.325   1.102  -0.493   0.327    -2.697
  -0.269   0.784  -0.334  -0.241   1.055  -0.752  -0.111  -0.972   0.023   0.128  -1.527  -0.514    -6.544
   1.408  -0.541  -0.025  -0.136   0.288   0.752   0.536   1.141   0.616   0.365  -0.551   0.671    -6.991
  -0.253   0.485   0.145  -0.787  -0.459   1.151   0.919  -1.266   0.209   0.206  -0.759  -0.693    -3.048
   0.668  -0.368  -0.345  -0.060  -0.244   0.019  -0.043   1.596  -0.322   0.397  -0.816  -0.816    -2.937
   0.961  -0.546   0.746   0.530  -0.215   0.072   1.099   0.067   0.990  -0.229  -0.934   0.290    -3.554
  -0.733   0.756   0.444  -0.091  -0.017   0.581  -1.358   0.926  -0.559  -0.899   0.125  -0.258    -2.465
   0.356  -0.845  -0.353  -0.083  -0.363  -0.685  -1.407  -0.731   0.174   0.297  -0.006   0.821    -2.842
  -0.322   0.078  -0.082  -0.339  -1.076  -0.876  -0.798  -0.164   0.458  -1.315  -1.078   0.090    -3.339
  -0.156  -0.061   0.376  -0.844  -0.169   0.942  -0.789  -0.217   0.007   1.617   0.296  -0.999    -5.270
   0.289  -0.358  -0.258   0.541  -0.306  -0.797   1.541  -0.960   0.094   0.095   0.265   0.425    -2.447
  -0.166  -0.263   0.698   0.464  -0.411   0.304  -0.043   1.338  -0.511   0.076   0.509   1.412    -2.520
   0.357   0.666   0.926   0.093  -0.888   0.540  -0.859  -0.779  -0.877  -0.366   0.668  -0.226    -3.169
  -0.334  -0.501  -0.174  -0.964  -0.411   0.513   0.305   1.128  -1.195   1.037   0.129   0.258    -3.053
  -0.236  -0.081   0.045   0.161  -0.939  -0.661  -0.832  -1.326   0.168  -0.307  -0.099   0.599    -2.446
  -0.577   0.469   0.501  -0.233   0.165   0.179   1.877   0.480  -0.941   0.057  -0.089  -0.592    -2.314
  -1.041  -0.270   0.405  -0.013  -0.605  -0.638   0.059  -0.696   0.637   1.443   0.231   0.015    -1.841
  -0.155  -0.530  -0.560  -1.293   0.418  -0.644   0.247   0.058  -1.309   0.101  -0.392   0.714    -0.987
  -0.005  -0.261   0.191  -0.617  -1.043  -0.386   0.307   0.785  -0.600   0.262  -0.765   1.306    -1.942
   0.611   0.939   0.076   0.025  -0.680  -0.501   0.435  -0.068   1.067   0.527   0.262   0.805    -4.270
   0.908   0.115   1.234  -0.917   0.727   0.474   0.666  -0.308  -0.342  -0.527   0.444   0.053   -11.771
  -0.266  -0.246   0.147  -1.077   0.109  -0.376   0.263   0.222   0.959   0.648  -0.223   0.669    -2.087
  -0.145  -0.323  -0.587  -0.105  -0.872  -0.477  -0.691   1.890   0.162   0.323   0.299  -0.044    -2.070
   1.043   0.298   0.403   0.772  -1.128   1.085   0.712   0.335   0.395   0.856   0.198   0.514    -5.948
  -0.721   0.471  -0.035  -1.046  -0.152   0.170   1.165   0.722  -1.354   0.338   0.586  -0.006    -3.335
   0.160  -0.356   0.219  -0.151  -0.417   0.116  -0.320   1.054  -1.638   0.060   0.743   0.118    -2.255
  -0.003   1.076   0.095  -0.515  -1.046   0.140   1.101   0.449   0.466  -0.532  -0.116   0.941    -3.538
   0.504   0.748   0.016  -0.613   0.293   1.524  -0.259  -0.382  -0.073  -0.592  -0.487  -0.884    -1.609
   0.512  -0.830  -0.065  -0.175   0.013  -0.025   0.174   0.093   1.128  -0.079  -0.375   0.714    -2.964
  -0.399   0.001   0.063  -1.061  -0.480  -0.149  -0.353  -0.314  -0.425   0.631   1.704  -0.040    -2.148
   0.321  -1.060  -0.521  -0.123  -0.255  -0.099  -0.174   1.085   0.347   0.952  -0.848   0.259    -0.754
  -0.797  -0.299  -0.209   0.272   0.563  -0.057  -1.013  -0.693  -1.192   0.403   1.125   0.120    -2.685
  -0.218   0.483  -0.065   0.994  -0.741  -0.442  -0.721   1.196   0.128   0.312  -0.739  -0.905    -3.385
  -0.349  -0.675   0.465   0.191  -0.005  -0.424  -0.904   0.096   0.527  -1.395   0.487  -0.294    -2.613
   0.468  -0.486  -0.730   0.409  -0.445   0.820   0.334   1.308   0.384   1.098  -0.757  -0.675    -2.278
  -0.075  -0.232   0.217   0.073  -0.187  -0.311  -1.026  -0.626   0.985   0.108  -1.372   0.864    -2.451
   0.095  -0.512  -0.324  -0.482  -1.643   0.833   0.683   0.092   0.433  -0.698   0.781  -0.448    -2.629
  -0.519   0.760  -0.802  -0.114  -1.030   0.671  -1.369   0.558   0.613  -0.621   0.370  -0.238    -1.805
   0.992   0.608  -0.132  -0.499  -0.340  -0.253  -0.040   0.575   0.458  -0.778  -0.424  -1.260    -3.538
   0.007   0.651   0.746  -0.799   0.080  -0.985   0.846   0.341  -0.429  -0.119   0.812   1.292    -4.366
   0.196   1.626   0.059   0.106  -0.771   0.129   0.489  -1.088   0.772  -0.457  -0.439   0.145    -7.042
