4.40E-15
5.00E-15
5.90E-14
6.00E-14
6.00E-14
9.00E-12
1.40E-11
1.60E-11
2.50E-11
4.00E-11
8.00E-11
1.00E-10
1.00E-10
3.00E-10
3.40E-10
4.00E-10
1.00E-09
1.00E-09
1.00E-09
1.07E-09
1.70E-09
2.80E-09
3.00E-09
3.10E-09
3.30E-09
3.40E-09
3.50E-09
3.57E-09
4.75E-09
5.00E-09
5.80E-09
8.10E-09
1.62E-08
2.30E-08
2.30E-08
2.40E-08
2.90E-08
4.00E-08
4.50E-08
6.00E-08
1.00E-07
1.09E-07
1.34E-07
1.80E-07
1.93E-07
2.54E-07
2.80E-07
3.88E-07
0.86E-06
1.10E-06
1.50E-06
1.50E-06
1.80E-06
2.30E-06
2.50E-06
2.80E-06
3.00E-06
3.00E-06
4.30E-06
4.50E-06
6.00E-06
7.20E-06
9.00E-06
1.00E-05
1.00E-05
1.00E-05
1.60E-05
1.68E-05
1.70E-05
3.16E-05
7.40E-05
1.26E-04
1.50E-04
2.34E-04
4.70E-04
6.35E-04
1.47E-11
1.01E-06
3.25E-10
1.69E-12
3.24E-06
3.64E-10
4.30E-06
3.57E-07
4.27E-09
3.03E-07
3.83E-06
1.68E-07
1.00E-12
4.10E-12
3.42E-08
4.65E-12
4.89E-10
4.58E-08
4.63E-11
3.99E-12
3.95E-06
2.22E-10
4.26E-12
4.87E-08
2.56E-10
1.70E-09
4.83E-10
4.11E-06
2.91E-09
3.46E-09
4.44E-12
4.97E-09
2.88E-08
1.61E-09
2.97E-07
1.87E-11
3.91E-12
2.35E-06
1.97E-12
2.82E-07
2.19E-11
3.28E-10
1.19E-08
1.72E-08
3.00E-09
4.55E-06
2.15E-07
3.47E-10
1.70E-06
4.04E-07
1.67E-06
4.74E-07
3.46E-07
3.02E-12
3.27E-06
1.53E-12
4.58E-06
1.16E-06
1.03E-06
1.77E-10
3.53E-08
3.54E-11
3.69E-07
2.88E-11
4.49E-07
4.18E-09
3.82E-09
3.73E-07
4.08E-09
3.69E-09
3.66E-06
2.94E-11
2.23E-10
3.54E-09
2.62E-12
1.83E-08
1.96E-07
1.45E-10
4.50E-06
1.98E-06
2.14E-12
3.78E-10
1.34E-07
4.83E-08
2.50E-12
3.11E-10
3.82E-07
4.95E-06
3.66E-09
1.99E-12
4.76E-10
2.30E-09
2.41E-06
4.61E-10
3.20E-12
3.49E-07
2.21E-06
2.74E-09
3.57E-07
2.96E-09
