1 mean_dis_move_lig 0 0.0000 0.0000 0.0000 0.0000 0.0000 0.0000 0.0000 0.0000 0.0000 0.0000 0.0000 0.0000
18 mean_dis_move_lig 0.424717 0.4634 0.2501 0.0778 -0.5210 0.1229 0.0786 0.2839 -0.1642 0.4924 -0.1029 -0.0117 0.2514
11 mean_dis_move_lig 2.18206 0.2814 0.0514 0.2308 -0.1023 -0.1818 0.0097 0.1446 -0.2811 0.6883 -0.3409 0.3621 0.0156
4 mean_dis_move_lig 2.92741 -0.3505 -0.0588 -0.1351 -0.7030 -0.0600 -0.3117 0.2877 -0.0613 -0.1800 0.0378 0.2400 0.2872
19 mean_dis_move_lig 3.72204 0.1710 -0.0002 0.3065 -0.6196 -0.1187 -0.0992 -0.4858 -0.2761 -0.1221 0.1981 0.2352 0.2177
14 mean_dis_move_lig 3.8144 -0.0625 0.0680 0.3172 0.3021 -0.4412 0.2103 -0.1899 0.2155 0.0636 -0.2328 -0.4761 -0.4396
12 mean_dis_move_lig 3.85167 0.5565 0.3855 -0.1777 -0.0356 0.4075 -0.1163 -0.1780 -0.1442 -0.1225 -0.1857 0.0075 0.4767
5 mean_dis_move_lig 4.17462 0.5612 0.1627 0.0335 0.1500 -0.6177 0.0866 0.0301 0.1893 0.1292 0.2944 0.2031 -0.2542
9 mean_dis_move_lig 5.85993 -0.1902 -0.3451 -0.3415 0.7099 -0.2003 -0.1252 -0.2196 0.0640 -0.0863 -0.2443 0.1902 -0.1129
6 mean_dis_move_lig 5.89844 -0.4337 -0.0157 0.3050 -0.2682 0.1093 -0.0978 0.4432 -0.2321 -0.2140 0.5609 0.0105 0.1203
10 mean_dis_move_lig 6.41534 -0.0610 -0.2982 -0.3475 0.3505 0.4522 -0.1747 -0.0848 -0.3066 0.1273 -0.4792 -0.1035 0.2664
16 mean_dis_move_lig 7.26011 -0.2199 -0.1760 0.6599 -0.3761 0.1932 0.0394 0.2183 -0.3781 -0.1232 -0.1329 0.1045 0.2655
7 mean_dis_move_lig 7.33977 0.0470 0.2539 -0.5510 -0.1741 -0.3600 -0.3454 -0.0028 0.0807 0.3705 -0.3028 0.2910 0.1741
15 mean_dis_move_lig 7.7044 -0.2798 0.2003 -0.4041 0.2249 0.4551 0.1265 0.0413 -0.2926 -0.1401 0.0687 0.5750 -0.0480
20 mean_dis_move_lig 8.30807 -0.3093 0.2580 -0.1829 -0.0128 0.5686 -0.2183 -0.1217 -0.4266 0.1880 0.4396 0.0581 -0.0664
2 mean_dis_move_lig 8.31541 0.1815 0.4571 -0.3807 0.0998 0.2689 0.1641 0.0192 -0.3081 -0.4125 -0.2868 0.1731 0.3554
8 mean_dis_move_lig 8.92876 0.0241 -0.4010 0.0345 -0.3963 -0.1897 0.0076 -0.1326 0.0547 -0.2726 0.3734 -0.5819 0.2673
13 mean_dis_move_lig 9.59636 -0.1676 -0.4467 -0.4868 0.0332 -0.0277 -0.5721 0.0709 -0.1216 -0.2715 0.2904 0.1516 -0.0739
17 mean_dis_move_lig 13.0384 -0.0450 0.5236 0.2152 0.3256 0.5260 0.0641 -0.4151 0.2422 -0.0893 -0.1840 0.0626 -0.1180
3 mean_dis_move_lig 13.0498 0.4076 -0.4023 -0.1676 0.1783 -0.5810 0.1428 -0.3062 0.0900 -0.1897 0.1556 0.1254 -0.2764
