-0.0191672 -2.81015
-0.0199427 -2.81021
-0.0207433 -2.81028
-0.0215695 -2.81034
-0.022422 -2.81041
-0.0233013 -2.81049
-0.0242079 -2.81056
-0.0251423 -2.81064
-0.0261051 -2.81072
-0.0270969 -2.81081
-0.0281182 -2.8109
-0.0291696 -2.81099
-0.0302515 -2.81109
-0.0313646 -2.81118
-0.0325094 -2.81128
-0.0336864 -2.81139
-0.0348961 -2.8115
-0.0361392 -2.81161
-0.037416 -2.81172
-0.0387271 -2.81184
-0.0400731 -2.81196
-0.0414544 -2.81208
-0.0428715 -2.8122
-0.044325 -2.81233
-0.0458153 -2.81246
-0.0473429 -2.8126
-0.0489083 -2.81273
-0.0505119 -2.81287
-0.0521542 -2.81302
-0.0538356 -2.81316
-0.0555565 -2.81331
-0.0573174 -2.81346
-0.0591187 -2.81361
-0.0609607 -2.81377
-0.0628439 -2.81393
-0.0647686 -2.81409
-0.0667352 -2.81426
-0.068744 -2.81442
-0.0707953 -2.81459
-0.0728895 -2.81477
-0.0750269 -2.81494
-0.0772077 -2.81512
-0.0794322 -2.8153
-0.0817007 -2.81548
-0.0840133 -2.81567
-0.0863704 -2.81585
-0.0887721 -2.81604
-0.0912186 -2.81624
-0.09371 -2.81643
-0.0962466 -2.81663
-0.0988284 -2.81683
-0.101455 -2.81703
-0.104128 -2.81723
-0.106846 -2.81744
-0.10961 -2.81765
-0.112419 -2.81786
-0.115274 -2.81808
-0.118174 -2.81829
-0.12112 -2.81851
-0.124111 -2.81873
-0.127148 -2.81895
-0.13023 -2.81918
-0.133357 -2.8194
-0.13653 -2.81963
-0.139747 -2.81986
-0.143009 -2.82009
-0.146316 -2.82033
-0.149667 -2.82057
-0.153062 -2.8208
-0.156501 -2.82104
-0.159984 -2.82129
-0.16351 -2.82153
-0.167078 -2.82178
-0.17069 -2.82203
-0.174343 -2.82228
-0.178039 -2.82253
-0.181776 -2.82278
-0.185554 -2.82304
-0.189372 -2.82329
-0.193231 -2.82355
-0.19713 -2.82381
-0.201067 -2.82408
-0.205044 -2.82434
-0.209058 -2.82461
-0.21311 -2.82487
-0.217199 -2.82514
-0.221324 -2.82541
-0.225485 -2.82568
-0.229682 -2.82596
-0.233912 -2.82623
-0.238177 -2.82651
-0.242475 -2.82679
-0.246806 -2.82707
-0.251168 -2.82735
-0.255561 -2.82763
-0.259985 -2.82791
-0.264439 -2.8282
-0.268921 -2.82848
-0.273432 -2.82877
-0.27797 -2.82906
-0.282534 -2.82935
-0.287125 -2.82964
-0.29174 -2.82993
-0.296379 -2.83022
-0.301042 -2.83052
-0.305727 -2.83081
-0.310434 -2.83111
-0.315162 -2.83141
-0.319909 -2.83171
-0.324676 -2.83201
-0.329461 -2.83231
-0.334263 -2.83261
-0.339081 -2.83291
-0.343915 -2.83322
-0.348763 -2.83352
-0.353626 -2.83383
-0.3585 -2.83414
-0.363387 -2.83444
-0.368285 -2.83475
-0.373193 -2.83506
-0.37811 -2.83537
-0.383035 -2.83568
-0.387967 -2.836
-0.392906 -2.83631
-0.39785 -2.83662
-0.402798 -2.83694
-0.40775 -2.83725
-0.412705 -2.83757
-0.417662 -2.83788
-0.422619 -2.8382
-0.427577 -2.83852
-0.432533 -2.83884
-0.437487 -2.83916
-0.442439 -2.83948
-0.447387 -2.8398
-0.45233 -2.84012
-0.457268 -2.84044
-0.462199 -2.84076
-0.467123 -2.84108
-0.472039 -2.84141
-0.476946 -2.84173
-0.481843 -2.84205
-0.486729 -2.84238
-0.491603 -2.8427
-0.496465 -2.84303
-0.501314 -2.84335
-0.506149 -2.84368
-0.510968 -2.844
-0.515772 -2.84433
-0.520559 -2.84466
-0.525329 -2.84498
-0.530081 -2.84531
-0.534813 -2.84564
-0.539526 -2.84597
-0.544219 -2.8463
-0.54889 -2.84663
-0.553539 -2.84695
-0.558165 -2.84728
-0.562767 -2.84761
-0.567345 -2.84794
-0.571899 -2.84827
-0.576426 -2.8486
-0.580927 -2.84893
-0.585402 -2.84926
-0.589848 -2.84959
-0.594266 -2.84992
-0.598654 -2.85025
-0.603013 -2.85058
-0.607342 -2.85091
-0.611639 -2.85124
-0.615905 -2.85157
-0.620138 -2.8519
-0.624338 -2.85224
-0.628505 -2.85257
-0.632638 -2.8529
-0.636736 -2.85323
-0.640799 -2.85356
-0.644826 -2.85389
-0.648816 -2.85422
-0.65277 -2.85455
-0.656686 -2.85488
-0.660563 -2.85521
-0.664403 -2.85554
-0.668203 -2.85587
-0.671963 -2.8562
-0.675684 -2.85653
-0.679364 -2.85686
-0.683002 -2.85719
-0.686599 -2.85752
-0.690154 -2.85785
-0.693667 -2.85818
-0.697136 -2.85851
-0.700562 -2.85884
-0.703944 -2.85917
-0.707282 -2.85949
-0.710575 -2.85982
-0.713823 -2.86015
-0.717025 -2.86048
-0.720181 -2.86081
-0.723291 -2.86113
-0.726353 -2.86146
-0.729369 -2.86179
-0.732336 -2.86211
-0.735256 -2.86244
-0.738127 -2.86277
-0.74095 -2.86309
-0.743723 -2.86342
-0.746446 -2.86374
-0.74912 -2.86407
-0.751743 -2.86439
-0.754316 -2.86472
-0.756837 -2.86504
-0.759307 -2.86536
-0.761726 -2.86569
-0.764092 -2.86601
-0.766406 -2.86633
-0.768667 -2.86665
-0.770875 -2.86698
-0.773029 -2.8673
-0.77513 -2.86762
-0.777177 -2.86794
-0.779169 -2.86826
-0.781106 -2.86858
-0.782988 -2.8689
-0.784815 -2.86922
-0.786586 -2.86954
-0.788302 -2.86985
-0.78996 -2.87017
-0.791562 -2.87049
-0.793108 -2.8708
-0.794595 -2.87112
-0.796026 -2.87144
-0.797398 -2.87175
-0.798712 -2.87207
-0.799968 -2.87238
-0.801165 -2.87269
-0.802303 -2.87301
-0.803382 -2.87332
-0.804401 -2.87363
-0.805359 -2.87394
-0.806258 -2.87425
-0.807096 -2.87457
-0.807874 -2.87488
-0.80859 -2.87518
-0.809245 -2.87549
-0.809839 -2.8758
-0.81037 -2.87611
-0.81084 -2.87642
-0.811247 -2.87672
-0.811591 -2.87703
-0.811872 -2.87733
-0.81209 -2.87764
-0.812245 -2.87794
-0.812335 -2.87825
-0.812362 -2.87855
-0.812325 -2.87885
-0.812223 -2.87915
-0.812056 -2.87946
-0.811825 -2.87976
-0.811528 -2.88006
-0.811166 -2.88035
-0.810738 -2.88065
-0.810245 -2.88095
-0.809685 -2.88125
-0.809059 -2.88154
-0.808367 -2.88184
-0.807607 -2.88213
-0.806782 -2.88243
-0.805889 -2.88272
-0.804928 -2.88301
-0.803901 -2.8833
-0.802806 -2.8836
-0.801643 -2.88389
-0.800412 -2.88418
-0.799113 -2.88446
-0.797747 -2.88475
-0.796312 -2.88504
-0.794808 -2.88532
-0.793236 -2.88561
-0.791596 -2.88589
-0.789887 -2.88618
-0.788109 -2.88646
-0.786262 -2.88674
-0.784347 -2.88702
-0.782363 -2.8873
-0.780309 -2.88758
-0.778187 -2.88786
-0.775996 -2.88814
-0.773737 -2.88841
-0.771408 -2.88869
-0.76901 -2.88896
-0.766544 -2.88924
-0.764009 -2.88951
-0.761405 -2.88978
-0.758733 -2.89005
-0.755992 -2.89032
-0.753183 -2.89059
-0.750306 -2.89085
-0.747361 -2.89112
-0.744348 -2.89138
-0.741268 -2.89165
-0.73812 -2.89191
-0.734905 -2.89217
-0.731624 -2.89243
-0.728275 -2.89269
-0.724861 -2.89294
-0.72138 -2.8932
-0.717834 -2.89346
-0.714223 -2.89371
-0.710547 -2.89396
-0.706806 -2.89421
-0.703001 -2.89446
-0.699133 -2.89471
-0.695202 -2.89496
-0.691208 -2.8952
-0.687152 -2.89544
-0.683034 -2.89569
-0.678855 -2.89593
-0.674617 -2.89617
-0.670318 -2.8964
-0.66596 -2.89664
-0.661544 -2.89688
-0.65707 -2.89711
-0.652539 -2.89734
-0.647952 -2.89757
-0.643309 -2.8978
-0.638612 -2.89802
-0.633861 -2.89825
-0.629057 -2.89847
-0.6242 -2.89869
-0.619293 -2.89891
-0.614335 -2.89913
-0.609328 -2.89934
-0.604272 -2.89956
-0.599169 -2.89977
-0.59402 -2.89998
-0.588826 -2.90018
-0.583587 -2.90039
-0.578306 -2.90059
-0.572982 -2.90079
-0.567618 -2.90099
-0.562214 -2.90119
-0.556772 -2.90138
-0.551293 -2.90158
-0.545778 -2.90177
-0.540229 -2.90195
-0.534646 -2.90214
-0.529032 -2.90232
-0.523387 -2.9025
-0.517713 -2.90268
-0.512011 -2.90285
-0.506283 -2.90303
-0.50053 -2.90319
-0.494753 -2.90336
-0.488955 -2.90353
-0.483136 -2.90369
-0.477298 -2.90385
-0.471443 -2.904
-0.465572 -2.90416
-0.459687 -2.90431
-0.453789 -2.90445
-0.44788 -2.9046
-0.441962 -2.90474
-0.436036 -2.90488
-0.430103 -2.90501
-0.424166 -2.90514
-0.418226 -2.90527
-0.412284 -2.90539
-0.406343 -2.90551
-0.400404 -2.90563
-0.394468 -2.90575
-0.388538 -2.90586
-0.382614 -2.90596
-0.3767 -2.90607
-0.370796 -2.90617
-0.364903 -2.90626
-0.359025 -2.90636
-0.353161 -2.90644
-0.347315 -2.90653
-0.341487 -2.90661
-0.33568 -2.90668
-0.329894 -2.90676
-0.324132 -2.90682
-0.318395 -2.90689
-0.312685 -2.90695
-0.307002 -2.907
-0.30135 -2.90705
-0.295729 -2.9071
-0.290141 -2.90714
-0.284588 -2.90717
-0.27907 -2.9072
-0.27359 -2.90723
-0.268148 -2.90725
-0.262747 -2.90727
-0.257387 -2.90728
-0.25207 -2.90729
-0.246797 -2.90729
-0.24157 -2.90729
-0.23639 -2.90728
-0.231258 -2.90726
-0.226175 -2.90724
-0.221142 -2.90722
-0.216162 -2.90719
-0.211233 -2.90715
-0.206359 -2.90711
-0.201539 -2.90706
-0.196775 -2.90701
-0.192068 -2.90695
-0.187418 -2.90688
-0.182827 -2.90681
-0.178294 -2.90673
-0.173823 -2.90665
-0.169411 -2.90656
-0.165062 -2.90646
-0.160774 -2.90636
-0.156549 -2.90625
-0.152388 -2.90613
-0.14829 -2.90601
-0.144257 -2.90588
-0.140289 -2.90574
-0.136385 -2.90559
-0.132547 -2.90544
-0.128775 -2.90529
-0.125069 -2.90512
-0.121429 -2.90495
-0.117856 -2.90477
-0.114349 -2.90458
-0.110909 -2.90438
-0.107535 -2.90418
-0.104228 -2.90397
-0.100987 -2.90375
-0.0978128 -2.90352
-0.0947048 -2.90329
-0.091663 -2.90305
-0.0886871 -2.9028
-0.0857768 -2.90254
-0.0829319 -2.90227
-0.0801519 -2.902
-0.0774365 -2.90171
-0.0747852 -2.90142
-0.0721978 -2.90112
-0.0696735 -2.90081
-0.067212 -2.90049
-0.0648126 -2.90016
-0.0624748 -2.89983
-0.060198 -2.89948
-0.0579815 -2.89913
-0.0558247 -2.89876
-0.0537268 -2.89839
-0.0516872 -2.89801
-0.049705 -2.89762
-0.0477795 -2.89722
-0.0459099 -2.89681
-0.0440954 -2.89639
-0.0423351 -2.89596
-0.0406283 -2.89552
-0.0389739 -2.89507
-0.0373712 -2.89461
-0.0358192 -2.89414
-0.0343171 -2.89366
-0.0328638 -2.89317
-0.0314585 -2.89267
-0.0301002 -2.89217
-0.0287879 -2.89165
-0.0275207 -2.89112
-0.0262977 -2.89058
-0.0251178 -2.89003
-0.02398 -2.88946
-0.0228835 -2.88889
-0.0218271 -2.88831
-0.0208101 -2.88772
-0.0198312 -2.88711
-0.0188897 -2.8865
-0.0179845 -2.88587
-0.0171146 -2.88524
-0.0162791 -2.88459
-0.0154771 -2.88393
-0.0147076 -2.88326
-0.0139696 -2.88258
-0.0132622 -2.88189
-0.0125845 -2.88119
-0.0119356 -2.88048
-0.0113146 -2.87975
-0.0107206 -2.87902
-0.0101527 -2.87827
-0.00961012 -2.87751
-0.00909193 -2.87674
-0.00859732 -2.87596
-0.00812548 -2.87517
-0.0076756 -2.87436
-0.0072469 -2.87355
-0.00683859 -2.87272
-0.00644992 -2.87189
-0.00608015 -2.87104
-0.00572856 -2.87018
-0.00539444 -2.86931
-0.00507709 -2.86842
-0.00477586 -2.86753
-0.00449008 -2.86662
-0.00421911 -2.86571
-0.00396233 -2.86478
